t,	v,	x,	p1,	p2,	a
0.0000000000e+00,	-3.3400000000e-02,	2.5000000000e+00,	6.5000000000e+02,	2.5000000000e+02,	8.0000000000e+00
1.0000000000e-04,	-3.2594961314e-02,	2.4999967002e+00,	6.5303588119e+02,	2.4806257164e+02,	8.0994661910e+00
2.0000000000e-04,	-3.1780367998e-02,	2.4999934813e+00,	6.5586643770e+02,	2.4631166517e+02,	8.1910954506e+00
3.0000000000e-04,	-3.0957002820e-02,	2.4999903444e+00,	6.5849265138e+02,	2.4474730273e+02,	8.2749069730e+00
4.0000000000e-04,	-3.0125646413e-02,	2.4999872902e+00,	6.6091557924e+02,	2.4336936277e+02,	8.3509243294e+00
5.0000000000e-04,	-2.9287076828e-02,	2.4999843195e+00,	6.6313636079e+02,	2.4217757954e+02,	8.4191756249e+00
6.0000000000e-04,	-2.8442069070e-02,	2.4999814330e+00,	6.6515622438e+02,	2.4117154290e+02,	8.4796936296e+00
7.0000000000e-04,	-2.7591394632e-02,	2.4999786313e+00,	6.6697649266e+02,	2.4035069818e+02,	8.5325158896e+00
8.0000000000e-04,	-2.6735821009e-02,	2.4999759149e+00,	6.6859858717e+02,	2.3971434627e+02,	8.5776848180e+00
9.0000000000e-04,	-2.5876111207e-02,	2.4999732842e+00,	6.7002403236e+02,	2.3926164389e+02,	8.6152477694e+00
1.0000000000e-03,	-2.5013023248e-02,	2.4999707398e+00,	6.7125445889e+02,	2.3899160396e+02,	8.6452570985e+00
1.1000000000e-03,	-2.4147309667e-02,	2.4999682817e+00,	6.7229160641e+02,	2.3890309617e+02,	8.6677702048e+00
1.2000000000e-03,	-2.3279717004e-02,	2.4999659104e+00,	6.7313732589e+02,	2.3899484767e+02,	8.6828495644e+00
1.3000000000e-03,	-2.2410985299e-02,	2.4999636258e+00,	6.7379358143e+02,	2.3926544391e+02,	8.6905627504e+00
1.4000000000e-03,	-2.1541847576e-02,	2.4999614282e+00,	6.7426245177e+02,	2.3971332968e+02,	8.6909824417e+00
1.5000000000e-03,	-2.0673029340e-02,	2.4999593174e+00,	6.7454613132e+02,	2.4033681018e+02,	8.6841864229e+00
1.6000000000e-03,	-1.9805248058e-02,	2.4999572935e+00,	6.7464693096e+02,	2.4113405229e+02,	8.6702575734e+00
1.7000000000e-03,	-1.8939212660e-02,	2.4999553563e+00,	6.7456727845e+02,	2.4210308599e+02,	8.6492838492e+00
1.8000000000e-03,	-1.8075623023e-02,	2.4999535056e+00,	6.7430971865e+02,	2.4324180587e+02,	8.6213582554e+00
1.9000000000e-03,	-1.7215169476e-02,	2.4999517411e+00,	6.7387691337e+02,	2.4454797278e+02,	8.5865788117e+00
2.0000000000e-03,	-1.6358532295e-02,	2.4999500625e+00,	6.7327164112e+02,	2.4601921558e+02,	8.5450485107e+00
2.1000000000e-03,	-1.5506381211e-02,	2.4999484693e+00,	6.7249679647e+02,	2.4765303303e+02,	8.4968752688e+00
2.2000000000e-03,	-1.4659374918e-02,	2.4999469610e+00,	6.7155538940e+02,	2.4944679581e+02,	8.4421718718e+00
2.3000000000e-03,	-1.3818160593e-02,	2.4999455372e+00,	6.7045054426e+02,	2.5139774860e+02,	8.3810559132e+00
2.4000000000e-03,	-1.2983373415e-02,	2.4999441972e+00,	6.6918549871e+02,	2.5350301230e+02,	8.3136497282e+00
2.5000000000e-03,	-1.2155636094e-02,	2.4999429403e+00,	6.6776360245e+02,	2.5575958640e+02,	8.2400803211e+00
2.6000000000e-03,	-1.1335558410e-02,	2.4999417658e+00,	6.6618831574e+02,	2.5816435131e+02,	8.1604792886e+00
2.7000000000e-03,	-1.0523736758e-02,	2.4999406729e+00,	6.6446320786e+02,	2.6071407095e+02,	8.0749827381e+00
2.8000000000e-03,	-9.7207537000e-03,	2.4999396607e+00,	6.6259195541e+02,	2.6340539533e+02,	7.9837312015e+00
2.9000000000e-03,	-8.9271775265e-03,	2.4999387284e+00,	6.6057834052e+02,	2.6623486325e+02,	7.8868695453e+00
3.0000000000e-03,	-8.1435618293e-03,	2.4999378750e+00,	6.5842624888e+02,	2.6919890507e+02,	7.7845468763e+00
3.1000000000e-03,	-7.3704450812e-03,	2.4999370994e+00,	6.5613966779e+02,	2.7229384557e+02,	7.6769164443e+00
3.2000000000e-03,	-6.6083502272e-03,	2.4999364005e+00,	6.5372268402e+02,	2.7551590692e+02,	7.5641355419e+00
3.3000000000e-03,	-5.8577842851e-03,	2.4999357773e+00,	6.5117948167e+02,	2.7886121164e+02,	7.4463654005e+00
3.4000000000e-03,	-5.1192379570e-03,	2.4999352286e+00,	6.4851433994e+02,	2.8232578568e+02,	7.3237710851e+00
3.5000000000e-03,	-4.3931852515e-03,	2.4999347530e+00,	6.4573163087e+02,	2.8590556158e+02,	7.1965213859e+00
3.6000000000e-03,	-3.6800831163e-03,	2.4999343495e+00,	6.4283581703e+02,	2.8959638161e+02,	7.0647887083e+00
3.7000000000e-03,	-2.9803710825e-03,	2.4999340166e+00,	6.3983144919e+02,	2.9339400106e+02,	6.9287489626e+00
3.8000000000e-03,	-2.2944709197e-03,	2.4999337530e+00,	6.3672316401e+02,	2.9729409146e+02,	6.7885814509e+00
3.9000000000e-03,	-1.6227863020e-03,	2.4999335572e+00,	6.3351568172e+02,	3.0129224396e+02,	6.6444687553e+00
4.0000000000e-03,	-9.6570248648e-04,	2.4999334279e+00,	6.3021380385e+02,	3.0538397260e+02,	6.4965966249e+00
4.1000000000e-03,	-3.2358600132e-04,	2.4999333636e+00,	6.2682241097e+02,	3.0956471777e+02,	6.3451538640e+00
4.2000000000e-03,	3.0321565378e-04,	2.4999333627e+00,	6.2334646058e+02,	3.1382984951e+02,	6.1903322213e+00
4.3000000000e-03,	9.1437429665e-04,	2.4999334237e+00,	6.1979098500e+02,	3.1817467095e+02,	6.0323262809e+00
4.4000000000e-03,	1.5095813409e-03,	2.4999335450e+00,	6.1616108949e+02,	3.2259442169e+02,	5.8713333561e+00
4.5000000000e-03,	2.0885480636e-03,	2.4999337251e+00,	6.1246195049e+02,	3.2708428116e+02,	5.7075533866e+00
4.6000000000e-03,	2.6510058629e-03,	2.4999339622e+00,	6.0869881401e+02,	3.3163937198e+02,	5.5411888404e+00
4.7000000000e-03,	3.1967065066e-03,	2.4999342547e+00,	6.0487699437e+02,	3.3625476331e+02,	5.3724446213e+00
4.8000000000e-03,	3.7254223707e-03,	2.4999346010e+00,	6.0100187320e+02,	3.4092547404e+02,	5.2015279831e+00
4.9000000000e-03,	4.2369466711e-03,	2.4999349992e+00,	5.9707889876e+02,	3.4564647609e+02,	5.0286484533e+00
5.0000000000e-03,	4.7310936871e-03,	2.4999354478e+00,	5.9311358579e+02,	3.5041269745e+02,	4.8540177669e+00
5.1000000000e-03,	5.2076989798e-03,	2.4999359449e+00,	5.8911151586e+02,	3.5521902523e+02,	4.6778498127e+00
5.2000000000e-03,	5.6666196052e-03,	2.4999364887e+00,	5.8507833837e+02,	3.6006030859e+02,	4.5003605957e+00
5.3000000000e-03,	6.1077343246e-03,	2.4999370776e+00,	5.8101977237e+02,	3.6493136144e+02,	4.3217682187e+00
5.4000000000e-03,	6.5309438147e-03,	2.4999377097e+00,	5.7694160935e+02,	3.6982696505e+02,	4.1422928860e+00
5.5000000000e-03,	6.9361708788e-03,	2.4999383832e+00,	5.7284971724e+02,	3.7474187042e+02,	3.9621569364e+00
5.6000000000e-03,	7.3233606636e-03,	2.4999390963e+00,	5.6875004589e+02,	3.7967080036e+02,	3.7815849106e+00
5.7000000000e-03,	7.6924808841e-03,	2.4999398472e+00,	5.6464863443e+02,	3.8460845135e+02,	3.6008036615e+00
5.8000000000e-03,	8.0435220631e-03,	2.4999406342e+00,	5.6055162094e+02,	3.8954949500e+02,	3.4200425188e+00
5.9000000000e-03,	8.3764977893e-03,	2.4999414553e+00,	5.5646525514e+02,	3.9448857907e+02,	3.2395335214e+00
6.0000000000e-03,	8.6914450040e-03,	2.4999423089e+00,	5.5239591493e+02,	3.9942032806e+02,	3.0595117374e+00
6.1000000000e-03,	8.9884243238e-03,	2.4999431930e+00,	5.4835012793e+02,	4.0433934315e+02,	2.8802156956e+00
6.2000000000e-03,	9.2675204149e-03,	2.4999441060e+00,	5.4433459981e+02,	4.0924020145e+02,	2.7018879671e+00
6.3000000000e-03,	9.5288424342e-03,	2.4999450459e+00,	5.4035625155e+02,	4.1411745432e+02,	2.5247759445e+00
6.4000000000e-03,	9.7725245615e-03,	2.4999460112e+00,	5.3642226947e+02,	4.1896562473e+02,	2.3491328947e+00
6.5000000000e-03,	9.9987266546e-03,	2.4999469999e+00,	5.3254017295e+02,	4.2377920322e+02,	2.1752193946e+00
6.6000000000e-03,	1.0207635075e-02,	2.4999480103e+00,	5.2871790839e+02,	4.2855264234e+02,	2.0033053210e+00
6.7000000000e-03,	1.0399463749e-02,	2.4999490408e+00,	5.2496398268e+02,	4.3328034901e+02,	1.8336726735e+00
6.8000000000e-03,	1.0574455574e-02,	2.4999500897e+00,	5.2128765938e+02,	4.3795667436e+02,	1.6666197003e+00
6.9000000000e-03,	1.0732884335e-02,	2.4999511552e+00,	5.1769925944e+02,	4.4257590040e+02,	1.5024671808e+00
7.0000000000e-03,	1.0875057419e-02,	2.4999522357e+00,	5.1421064898e+02,	4.4713222241e+02,	1.3415685316e+00
7.1000000000e-03,	1.1001319868e-02,	2.4999533296e+00,	5.1083609338e+02,	4.5161972596e+02,	1.1843273482e+00
7.2000000000e-03,	1.1112060898e-02,	2.4999544354e+00,	5.0759392754e+02,	4.5603235670e+02,	1.0312314168e+00
7.3000000000e-03,	1.1207725632e-02,	2.4999555516e+00,	5.0451044767e+02,	4.6036388054e+02,	8.8293134275e-01
7.4000000000e-03,	1.1288841235e-02,	2.4999566765e+00,	5.0163262705e+02,	4.6460783142e+02,	7.4049591253e-01
7.5000000000e-03,	1.1356147793e-02,	2.4999578089e+00,	4.9918500687e+02,	4.6875744738e+02,	6.0855118969e-01
7.6000000000e-03,	1.1410945537e-02,	2.4999589473e+00,	4.9723002906e+02,	4.7280563542e+02,	4.8848787291e-01
7.7000000000e-03,	1.1454029880e-02,	2.4999600907e+00,	4.9544633488e+02,	4.7674480569e+02,	3.7403058373e-01
7.8000000000e-03,	1.1485908954e-02,	2.4999612378e+00,	4.9378188665e+02,	4.8056649445e+02,	2.6430784390e-01
7.9000000000e-03,	1.1507039944e-02,	2.4999623875e+00,	4.9221326792e+02,	4.8426091473e+02,	1.5904706372e-01
8.0000000000e-03,	1.1517865643e-02,	2.4999635388e+00,	4.9072671581e+02,	4.8781623314e+02,	5.8209653429e-02
8.1000000000e-03,	1.1518833220e-02,	2.4999646907e+00,	4.8931313524e+02,	4.9121722577e+02,	-3.8081810504e-02
8.2000000000e-03,	1.1510410561e-02,	2.4999658423e+00,	4.8796608428e+02,	4.9444235438e+02,	-1.2952540201e-01
8.3000000000e-03,	1.1493109774e-02,	2.4999669925e+00,	4.8668077446e+02,	4.9745544807e+02,	-2.1549347221e-01
8.4000000000e-03,	1.1467551824e-02,	2.4999681406e+00,	4.8545350199e+02,	5.0014375117e+02,	-2.9380498351e-01
8.5000000000e-03,	1.1434882089e-02,	2.4999692858e+00,	4.8428125246e+02,	5.0219812941e+02,	-3.5833753896e-01
8.6000000000e-03,	1.1396064894e-02,	2.4999704274e+00,	4.8316141535e+02,	5.0402488898e+02,	-4.1726947247e-01
8.7000000000e-03,	1.1351558686e-02,	2.4999715648e+00,	4.8209174951e+02,	5.0570498448e+02,	-4.7226469935e-01
8.8000000000e-03,	1.1301721263e-02,	2.4999726975e+00,	4.8107032991e+02,	5.0726897497e+02,	-5.2397290122e-01
8.9000000000e-03,	1.1246860739e-02,	2.4999738250e+00,	4.8009548468e+02,	5.0873440051e+02,	-5.7277831659e-01
9.0000000000e-03,	1.1187253525e-02,	2.4999749467e+00,	4.7916574515e+02,	5.1011293494e+02,	-6.1894379577e-01
9.1000000000e-03,	1.1123153438e-02,	2.4999760623e+00,	4.7827980693e+02,	5.1141301452e+02,	-6.6266415180e-01
9.2000000000e-03,	1.1054797099e-02,	2.4999771712e+00,	4.7743649929e+02,	5.1264107165e+02,	-7.0409144718e-01
9.3000000000e-03,	1.0982407456e-02,	2.4999782731e+00,	4.7663476081e+02,	5.1380220221e+02,	-7.4334882801e-01
9.4000000000e-03,	1.0906196228e-02,	2.4999793676e+00,	4.7587361991e+02,	5.1490056253e+02,	-7.8053885248e-01
9.5000000000e-03,	1.0826365674e-02,	2.4999804542e+00,	4.7515217901e+02,	5.1593962210e+02,	-8.1574886183e-01
9.6000000000e-03,	1.0743109921e-02,	2.4999815327e+00,	4.7446960159e+02,	5.1692233300e+02,	-8.4905462835e-01
9.7000000000e-03,	1.0656615989e-02,	2.4999826028e+00,	4.7382510152e+02,	5.1785124829e+02,	-8.8052293549e-01
9.8000000000e-03,	1.0567064587e-02,	2.4999836640e+00,	4.7321793420e+02,	5.1872860733e+02,	-9.1021346274e-01
9.9000000000e-03,	1.0474630751e-02,	2.4999847161e+00,	4.7264738913e+02,	5.1955639910e+02,	-9.3818019933e-01
1.0000000000e-02,	1.0379484356e-02,	2.4999857588e+00,	4.7211278372e+02,	5.2033641012e+02,	-9.6447252803e-01
1.0100000000e-02,	1.0281790535e-02,	2.4999867919e+00,	4.7161345797e+02,	5.2107026153e+02,	-9.8913607132e-01
1.0200000000e-02,	1.0181710014e-02,	2.4999878151e+00,	4.7114877006e+02,	5.2175943818e+02,	-1.0122133623e+00
1.0300000000e-02,	1.0079399402e-02,	2.4999888281e+00,	4.7071809257e+02,	5.2240531176e+02,	-1.0337443838e+00
1.0400000000e-02,	9.9750114155e-03,	2.4999898309e+00,	4.7032080919e+02,	5.2300915948e+02,	-1.0537670058e+00
1.0500000000e-02,	9.8686950754e-03,	2.4999908231e+00,	4.6995631201e+02,	5.2357217925e+02,	-1.0723173449e+00
1.0600000000e-02,	9.7605958659e-03,	2.4999918046e+00,	4.6962399915e+02,	5.2409550221e+02,	-1.0894300612e+00
1.0700000000e-02,	9.6508558678e-03,	2.4999927752e+00,	4.6932327276e+02,	5.2458020299e+02,	-1.1051386046e+00
1.0800000000e-02,	9.5396138683e-03,	2.4999937347e+00,	4.6905353730e+02,	5.2502730841e+02,	-1.1194754224e+00
1.0900000000e-02,	9.4270054528e-03,	2.4999946830e+00,	4.6881419806e+02,	5.2543780469e+02,	-1.1324721327e+00
1.1000000000e-02,	9.3131630802e-03,	2.4999956200e+00,	4.6860465996e+02,	5.2581264351e+02,	-1.1441596710e+00
1.1100000000e-02,	9.1982161446e-03,	2.4999965456e+00,	4.6842432651e+02,	5.2615274724e+02,	-1.1545684146e+00
1.1200000000e-02,	9.0822910259e-03,	2.4999974597e+00,	4.6827259890e+02,	5.2645901326e+02,	-1.1637282872e+00
1.1300000000e-02,	8.9655111305e-03,	2.4999983621e+00,	4.6814887532e+02,	5.2673231774e+02,	-1.1716688484e+00
1.1400000000e-02,	8.8479969240e-03,	2.4999992527e+00,	4.6805255034e+02,	5.2697351877e+02,	-1.1784193686e+00
1.1500000000e-02,	8.7298659565e-03,	2.5000001316e+00,	4.6798301449e+02,	5.2718345914e+02,	-1.1840088930e+00
1.1600000000e-02,	8.6112328827e-03,	2.5000009987e+00,	4.6793965385e+02,	5.2736296862e+02,	-1.1884662955e+00
1.1700000000e-02,	8.4922094765e-03,	2.5000018539e+00,	4.6792184980e+02,	5.2751286594e+02,	-1.1918203229e+00
1.1800000000e-02,	8.3729046419e-03,	2.5000026971e+00,	4.6792897885e+02,	5.2763396049e+02,	-1.1940996330e+00
1.1900000000e-02,	8.2534244205e-03,	2.5000035284e+00,	4.6796041250e+02,	5.2772705374e+02,	-1.1953328249e+00
1.2000000000e-02,	8.1338719954e-03,	2.5000043478e+00,	4.6801551724e+02,	5.2779294044e+02,	-1.1955484641e+00
1.2100000000e-02,	8.0143476943e-03,	2.5000051552e+00,	4.6809365453e+02,	5.2783240965e+02,	-1.1947751023e+00
1.2200000000e-02,	7.8949489899e-03,	2.5000059507e+00,	4.6819418094e+02,	5.2784624556e+02,	-1.1930412924e+00
1.2300000000e-02,	7.7757704986e-03,	2.5000067342e+00,	4.6831644819e+02,	5.2783522818e+02,	-1.1903755999e+00
1.2400000000e-02,	7.6569039798e-03,	2.5000075058e+00,	4.6845980342e+02,	5.2780013394e+02,	-1.1868066104e+00
1.2500000000e-02,	7.5384383328e-03,	2.5000082656e+00,	4.6862358936e+02,	5.2774173607e+02,	-1.1823629343e+00
1.2600000000e-02,	7.4204595947e-03,	2.5000090135e+00,	4.6880714459e+02,	5.2766080498e+02,	-1.1770732079e+00
1.2700000000e-02,	7.3030509375e-03,	2.5000097497e+00,	4.6900980386e+02,	5.2755810848e+02,	-1.1709660924e+00
1.2800000000e-02,	7.1862926664e-03,	2.5000104742e+00,	4.6923089837e+02,	5.2743441192e+02,	-1.1640702710e+00
1.2900000000e-02,	7.0702622169e-03,	2.5000111870e+00,	4.6946975618e+02,	5.2729047831e+02,	-1.1564144426e+00
1.3000000000e-02,	6.9550341545e-03,	2.5000118883e+00,	4.6972570255e+02,	5.2712706831e+02,	-1.1480273152e+00
1.3100000000e-02,	6.8406801736e-03,	2.5000125780e+00,	4.6999806038e+02,	5.2694494019e+02,	-1.1389375963e+00
1.3200000000e-02,	6.7272690984e-03,	2.5000132564e+00,	4.7028615061e+02,	5.2674484973e+02,	-1.1291739825e+00
1.3300000000e-02,	6.6148668844e-03,	2.5000139235e+00,	4.7058929269e+02,	5.2652755005e+02,	-1.1187651474e+00
1.3400000000e-02,	6.5035366216e-03,	2.5000145794e+00,	4.7090680504e+02,	5.2629379145e+02,	-1.1077397281e+00
1.3500000000e-02,	6.3933385386e-03,	2.5000152243e+00,	4.7123800557e+02,	5.2604432113e+02,	-1.0961263112e+00
1.3600000000e-02,	6.2843300085e-03,	2.5000158581e+00,	4.7158221212e+02,	5.2577988296e+02,	-1.0839534169e+00
1.3700000000e-02,	6.1765655565e-03,	2.5000164812e+00,	4.7193874302e+02,	5.2550121716e+02,	-1.0712494828e+00
1.3800000000e-02,	6.0700968686e-03,	2.5000170935e+00,	4.7230691763e+02,	5.2520905994e+02,	-1.0580428463e+00
1.3900000000e-02,	5.9649728031e-03,	2.5000176952e+00,	4.7268605684e+02,	5.2490414320e+02,	-1.0443617271e+00
1.4000000000e-02,	5.8612394030e-03,	2.5000182865e+00,	4.7307548366e+02,	5.2458719406e+02,	-1.0302342081e+00
1.4100000000e-02,	5.7589399104e-03,	2.5000188675e+00,	4.7347452374e+02,	5.2425893455e+02,	-1.0156882161e+00
1.4200000000e-02,	5.6581147836e-03,	2.5000194384e+00,	4.7388250598e+02,	5.2392008109e+02,	-1.0007515021e+00
1.4300000000e-02,	5.5588017153e-03,	2.5000199992e+00,	4.7429876308e+02,	5.2357134413e+02,	-9.8545162099e-01
1.4400000000e-02,	5.4610356535e-03,	2.5000205502e+00,	4.7472263212e+02,	5.2321342765e+02,	-9.6981591059e-01
1.4500000000e-02,	5.3648488239e-03,	2.5000210915e+00,	4.7515345513e+02,	5.2284702867e+02,	-9.5387147077e-01
1.4600000000e-02,	5.2702707553e-03,	2.5000216232e+00,	4.7559057973e+02,	5.2247283683e+02,	-9.3764514201e-01
1.4700000000e-02,	5.1773283062e-03,	2.5000221456e+00,	4.7603335966e+02,	5.2209153385e+02,	-9.2116348374e-01
1.4800000000e-02,	5.0860456940e-03,	2.5000226587e+00,	4.7648115540e+02,	5.2170379303e+02,	-9.0445275250e-01
1.4900000000e-02,	4.9964445267e-03,	2.5000231628e+00,	4.7693333478e+02,	5.2131027878e+02,	-8.8753888002e-01
1.5000000000e-02,	4.9085438361e-03,	2.5000236581e+00,	4.7738927352e+02,	5.2091164608e+02,	-8.7044745105e-01
1.5100000000e-02,	4.8223601140e-03,	2.5000241446e+00,	4.7784835589e+02,	5.2050853996e+02,	-8.5320368132e-01
1.5200000000e-02,	4.7379073499e-03,	2.5000246226e+00,	4.7830997524e+02,	5.2010159500e+02,	-8.3583239533e-01
1.5300000000e-02,	4.6551970713e-03,	2.5000250922e+00,	4.7877353461e+02,	5.1969143482e+02,	-8.1835800422e-01
1.5400000000e-02,	4.5742383862e-03,	2.5000255537e+00,	4.7923844734e+02,	5.1927867153e+02,	-8.0080448379e-01
1.5500000000e-02,	4.4950380277e-03,	2.5000260072e+00,	4.7970413759e+02,	5.1886390521e+02,	-7.8319535252e-01
1.5600000000e-02,	4.4176004009e-03,	2.5000264528e+00,	4.8017004096e+02,	5.1844772345e+02,	-7.6555364985e-01
1.5700000000e-02,	4.3419276316e-03,	2.5000268907e+00,	4.8063560506e+02,	5.1803070078e+02,	-7.4790191458e-01
1.5800000000e-02,	4.2680196179e-03,	2.5000273212e+00,	4.8110029001e+02,	5.1761339819e+02,	-7.3026216357e-01
1.5900000000e-02,	4.1958740830e-03,	2.5000277444e+00,	4.8156356908e+02,	5.1719636261e+02,	-7.1265587076e-01
1.6000000000e-02,	4.1254866308e-03,	2.5000281605e+00,	4.8202492914e+02,	5.1678012646e+02,	-6.9510394639e-01
1.6100000000e-02,	4.0568508032e-03,	2.5000285696e+00,	4.8248387125e+02,	5.1636520709e+02,	-6.7762671677e-01
1.6200000000e-02,	3.9899581395e-03,	2.5000289719e+00,	4.8293991119e+02,	5.1595210640e+02,	-6.6024390438e-01
1.6300000000e-02,	3.9247982377e-03,	2.5000293676e+00,	4.8339257989e+02,	5.1554131031e+02,	-6.4297460843e-01
1.6400000000e-02,	3.8613588180e-03,	2.5000297569e+00,	4.8384142401e+02,	5.1513328831e+02,	-6.2583728598e-01
1.6500000000e-02,	3.7996257874e-03,	2.5000301399e+00,	4.8428600638e+02,	5.1472849306e+02,	-6.0884973368e-01
1.6600000000e-02,	3.7395833075e-03,	2.5000305169e+00,	4.8472590645e+02,	5.1432735995e+02,	-5.9202907002e-01
1.6700000000e-02,	3.6812138623e-03,	2.5000308879e+00,	4.8516072076e+02,	5.1393030668e+02,	-5.7539171837e-01
1.6800000000e-02,	3.6244983289e-03,	2.5000312532e+00,	4.8559006337e+02,	5.1353773290e+02,	-5.5895339072e-01
1.6900000000e-02,	3.5694160496e-03,	2.5000316129e+00,	4.8601356622e+02,	5.1315001983e+02,	-5.4272907221e-01
1.7000000000e-02,	3.5159449052e-03,	2.5000319671e+00,	4.8643087957e+02,	5.1276752990e+02,	-5.2673300659e-01
1.7100000000e-02,	3.4640613894e-03,	2.5000323161e+00,	4.8684167235e+02,	5.1239060647e+02,	-5.1097868251e-01
1.7200000000e-02,	3.4137406857e-03,	2.5000326600e+00,	4.8724563245e+02,	5.1201957349e+02,	-4.9547882094e-01
1.7300000000e-02,	3.3649567442e-03,	2.5000329989e+00,	4.8764246709e+02,	5.1165473527e+02,	-4.8024536356e-01
1.7400000000e-02,	3.3176823603e-03,	2.5000333330e+00,	4.8803190307e+02,	5.1129637619e+02,	-4.6528946236e-01
1.7500000000e-02,	3.2718892539e-03,	2.5000336625e+00,	4.8841368702e+02,	5.1094476054e+02,	-4.5062147045e-01
1.7600000000e-02,	3.2275481501e-03,	2.5000339874e+00,	4.8878758561e+02,	5.1060013233e+02,	-4.3625093425e-01
1.7700000000e-02,	3.1846288598e-03,	2.5000343080e+00,	4.8915338578e+02,	5.1026271513e+02,	-4.2218658696e-01
1.7800000000e-02,	3.1431003616e-03,	2.5000346244e+00,	4.8951089480e+02,	5.0993271198e+02,	-4.0843634366e-01
1.7900000000e-02,	3.1029308836e-03,	2.5000349367e+00,	4.8985994046e+02,	5.0961030535e+02,	-3.9500729785e-01
1.8000000000e-02,	3.0640879856e-03,	2.5000352450e+00,	4.9020037109e+02,	5.0929565708e+02,	-3.8190571979e-01
1.8100000000e-02,	3.0265386416e-03,	2.5000355496e+00,	4.9053205559e+02,	5.0898890842e+02,	-3.6913705655e-01
1.8200000000e-02,	2.9902493220e-03,	2.5000358504e+00,	4.9085488339e+02,	5.0869018009e+02,	-3.5670593384e-01
1.8300000000e-02,	2.9551860756e-03,	2.5000361477e+00,	4.9116876443e+02,	5.0839957242e+02,	-3.4461615995e-01
1.8400000000e-02,	2.9213146109e-03,	2.5000364415e+00,	4.9147362894e+02,	5.0811716552e+02,	-3.3287073155e-01
1.8500000000e-02,	2.8886003771e-03,	2.5000367320e+00,	4.9176942737e+02,	5.0784301945e+02,	-3.2147184172e-01
1.8600000000e-02,	2.8570086438e-03,	2.5000370192e+00,	4.9205613006e+02,	5.0757717457e+02,	-3.1042089016e-01
1.8700000000e-02,	2.8265045797e-03,	2.5000373034e+00,	4.9233372703e+02,	5.0731965181e+02,	-2.9971849557e-01
1.8800000000e-02,	2.7970533302e-03,	2.5000375846e+00,	4.9260222758e+02,	5.0707045311e+02,	-2.8936451050e-01
1.8900000000e-02,	2.7686200930e-03,	2.5000378628e+00,	4.9286165989e+02,	5.0682956181e+02,	-2.7935803842e-01
1.9000000000e-02,	2.7411701921e-03,	2.5000381383e+00,	4.9311207056e+02,	5.0659694322e+02,	-2.6969745332e-01
1.9100000000e-02,	2.7146691498e-03,	2.5000384111e+00,	4.9335352407e+02,	5.0637254515e+02,	-2.6038042161e-01
1.9200000000e-02,	2.6890827559e-03,	2.5000386813e+00,	4.9358610220e+02,	5.0615629852e+02,	-2.5140392653e-01
1.9300000000e-02,	2.6643771350e-03,	2.5000389490e+00,	4.9380990335e+02,	5.0594811809e+02,	-2.4276429486e-01
1.9400000000e-02,	2.6405188108e-03,	2.5000392142e+00,	4.9402504185e+02,	5.0574790315e+02,	-2.3445722606e-01
1.9500000000e-02,	2.6174747670e-03,	2.5000394771e+00,	4.9423164717e+02,	5.0555553835e+02,	-2.2647782356e-01
1.9600000000e-02,	2.5952125053e-03,	2.5000397377e+00,	4.9442986309e+02,	5.0537089450e+02,	-2.1882062829e-01
1.9700000000e-02,	2.5737001000e-03,	2.5000399962e+00,	4.9461984681e+02,	5.0519382952e+02,	-2.1147965417e-01
1.9800000000e-02,	2.5529062491e-03,	2.5000402525e+00,	4.9480176804e+02,	5.0502418932e+02,	-2.0444842550e-01
1.9900000000e-02,	2.5328003205e-03,	2.5000405068e+00,	4.9497580799e+02,	5.0486180879e+02,	-1.9772001598e-01
2.0000000000e-02,	2.5133523960e-03,	2.5000407591e+00,	4.9514215837e+02,	5.0470651283e+02,	-1.9128708920e-01
2.0100000000e-02,	2.4945333097e-03,	2.5000410094e+00,	4.9530102034e+02,	5.0455811735e+02,	-1.8514194028e-01
2.0200000000e-02,	2.4763146828e-03,	2.5000412580e+00,	4.9545260340e+02,	5.0441643033e+02,	-1.7927653846e-01
2.0300000000e-02,	2.4586689540e-03,	2.5000415047e+00,	4.9559712436e+02,	5.0428125288e+02,	-1.7368257031e-01
2.0400000000e-02,	2.4415694058e-03,	2.5000417497e+00,	4.9573480617e+02,	5.0415238033e+02,	-1.6835148324e-01
2.0500000000e-02,	2.4249901861e-03,	2.5000419931e+00,	4.9586587682e+02,	5.0402960327e+02,	-1.6327452901e-01
2.0600000000e-02,	2.4089063255e-03,	2.5000422348e+00,	4.9599056825e+02,	5.0391270859e+02,	-1.5844280686e-01
2.0700000000e-02,	2.3932937506e-03,	2.5000424749e+00,	4.9610911528e+02,	5.0380148058e+02,	-1.5384730599e-01
2.0800000000e-02,	2.3781292928e-03,	2.5000427134e+00,	4.9622175448e+02,	5.0369570183e+02,	-1.4947894705e-01
2.0900000000e-02,	2.3633906934e-03,	2.5000429505e+00,	4.9632872320e+02,	5.0359515432e+02,	-1.4532862227e-01
2.1000000000e-02,	2.3490566039e-03,	2.5000431861e+00,	4.9643025854e+02,	5.0349962024e+02,	-1.4138723395e-01
2.1100000000e-02,	2.3351065838e-03,	2.5000434203e+00,	4.9652659641e+02,	5.0340888297e+02,	-1.3764573114e-01
2.1200000000e-02,	2.3215210939e-03,	2.5000436532e+00,	4.9661797062e+02,	5.0332272782e+02,	-1.3409514409e-01
2.1300000000e-02,	2.3082814865e-03,	2.5000438846e+00,	4.9670461205e+02,	5.0324094287e+02,	-1.3072661640e-01
2.1400000000e-02,	2.2953699926e-03,	2.5000441148e+00,	4.9678674792e+02,	5.0316331965e+02,	-1.2753143459e-01
2.1500000000e-02,	2.2827697064e-03,	2.5000443437e+00,	4.9686460100e+02,	5.0308965375e+02,	-1.2450105506e-01
2.1600000000e-02,	2.2704645668e-03,	2.5000445714e+00,	4.9693838905e+02,	5.0301974546e+02,	-1.2162712824e-01
2.1700000000e-02,	2.2584393371e-03,	2.5000447978e+00,	4.9700832424e+02,	5.0295340023e+02,	-1.1890151991e-01
2.1800000000e-02,	2.2466795825e-03,	2.5000450231e+00,	4.9707461263e+02,	5.0289042912e+02,	-1.1631632977e-01
2.1900000000e-02,	2.2351716458e-03,	2.5000452472e+00,	4.9713745382e+02,	5.0283064917e+02,	-1.1386390702e-01
2.2000000000e-02,	2.2239026221e-03,	2.5000454701e+00,	4.9719704054e+02,	5.0277388371e+02,	-1.1153686338e-01
2.2100000000e-02,	2.2128603313e-03,	2.5000456920e+00,	4.9725355842e+02,	5.0271996258e+02,	-1.0932808331e-01
2.2200000000e-02,	2.2020332914e-03,	2.5000459127e+00,	4.9730718577e+02,	5.0266872235e+02,	-1.0723073166e-01
2.2300000000e-02,	2.1914106894e-03,	2.5000461324e+00,	4.9735809344e+02,	5.0262000639e+02,	-1.0523825904e-01
2.2400000000e-02,	2.1809823527e-03,	2.5000463510e+00,	4.9740644475e+02,	5.0257366498e+02,	-1.0334440476e-01
2.2500000000e-02,	2.1707387205e-03,	2.5000465686e+00,	4.9745239543e+02,	5.0252955532e+02,	-1.0154319783e-01
2.2600000000e-02,	2.1606708146e-03,	2.5000467851e+00,	4.9749609368e+02,	5.0248754148e+02,	-9.9828955974e-02
2.2700000000e-02,	2.1507702106e-03,	2.5000470007e+00,	4.9753768021e+02,	5.0244749436e+02,	-9.8196282982e-02
2.2800000000e-02,	2.1410290098e-03,	2.5000472153e+00,	4.9757728837e+02,	5.0240929159e+02,	-9.6640064520e-02
2.2900000000e-02,	2.1314398108e-03,	2.5000474289e+00,	4.9761504426e+02,	5.0237281739e+02,	-9.5155462628e-02
2.3000000000e-02,	2.1219956826e-03,	2.5000476416e+00,	4.9765106695e+02,	5.0233796240e+02,	-9.3737909071e-02
2.3100000000e-02,	2.1126901379e-03,	2.5000478533e+00,	4.9768546862e+02,	5.0230462350e+02,	-9.2383097725e-02
2.3200000000e-02,	2.1035171070e-03,	2.5000480641e+00,	4.9771835483e+02,	5.0227270364e+02,	-9.1086976177e-02
2.3300000000e-02,	2.0944709135e-03,	2.5000482740e+00,	4.9774982475e+02,	5.0224211159e+02,	-8.9845736688e-02
2.3400000000e-02,	2.0855462496e-03,	2.5000484830e+00,	4.9777997138e+02,	5.0221276172e+02,	-8.8655806668e-02
2.3500000000e-02,	2.0767381537e-03,	2.5000486911e+00,	4.9780888183e+02,	5.0218457377e+02,	-8.7513838804e-02
2.3600000000e-02,	2.0680419878e-03,	2.5000488984e+00,	4.9783663758e+02,	5.0215747262e+02,	-8.6416700950e-02
2.3700000000e-02,	2.0594534169e-03,	2.5000491048e+00,	4.9786331475e+02,	5.0213138805e+02,	-8.5361465906e-02
2.3800000000e-02,	2.0509683891e-03,	2.5000493103e+00,	4.9788898438e+02,	5.0210625444e+02,	-8.4345401166e-02
2.3900000000e-02,	2.0425831162e-03,	2.5000495150e+00,	4.9791371267e+02,	5.0208201061e+02,	-8.3365958720e-02
2.4000000000e-02,	2.0342940559e-03,	2.5000497188e+00,	4.9793756129e+02,	5.0205859954e+02,	-8.2420765000e-02
2.4100000000e-02,	2.0260978953e-03,	2.5000499218e+00,	4.9796058756e+02,	5.0203596811e+02,	-8.1507611006e-02
2.4200000000e-02,	2.0179915344e-03,	2.5000501240e+00,	4.9798284481e+02,	5.0201406694e+02,	-8.0624442683e-02
2.4300000000e-02,	2.0099720710e-03,	2.5000503254e+00,	4.9800438253e+02,	5.0199285011e+02,	-7.9769351578e-02
2.4400000000e-02,	2.0020367873e-03,	2.5000505260e+00,	4.9802524665e+02,	5.0197227494e+02,	-7.8940565814e-02
2.4500000000e-02,	1.9941831360e-03,	2.5000507258e+00,	4.9804547978e+02,	5.0195230185e+02,	-7.8136441414e-02
2.4600000000e-02,	1.9864087280e-03,	2.5000509249e+00,	4.9806512139e+02,	5.0193289409e+02,	-7.7355453976e-02
2.4700000000e-02,	1.9787113211e-03,	2.5000511231e+00,	4.9808420805e+02,	5.0191401759e+02,	-7.6596190731e-02
2.4800000000e-02,	1.9710888094e-03,	2.5000513206e+00,	4.9810277362e+02,	5.0189564077e+02,	-7.5857342978e-02
2.4900000000e-02,	1.9635392125e-03,	2.5000515173e+00,	4.9812084944e+02,	5.0187773439e+02,	-7.5137698901e-02
2.5000000000e-02,	1.9560606670e-03,	2.5000517133e+00,	4.9813846448e+02,	5.0186027132e+02,	-7.4436136773e-02
2.5100000000e-02,	1.9486514171e-03,	2.5000519085e+00,	4.9815564557e+02,	5.0184322649e+02,	-7.3751618537e-02
2.5200000000e-02,	1.9413098072e-03,	2.5000521030e+00,	4.9817241747e+02,	5.0182657666e+02,	-7.3083183757e-02
2.5300000000e-02,	1.9340342740e-03,	2.5000522968e+00,	4.9818880312e+02,	5.0181030032e+02,	-7.2429943934e-02
2.5400000000e-02,	1.9268233394e-03,	2.5000524899e+00,	4.9820482370e+02,	5.0179437756e+02,	-7.1791077172e-02
2.5500000000e-02,	1.9196756048e-03,	2.5000526822e+00,	4.9822049880e+02,	5.0177878996e+02,	-7.1165823181e-02
2.5600000000e-02,	1.9125897445e-03,	2.5000528738e+00,	4.9823584652e+02,	5.0176352045e+02,	-7.0553478608e-02
2.5700000000e-02,	1.9055645005e-03,	2.5000530647e+00,	4.9825088360e+02,	5.0174855324e+02,	-6.9953392683e-02
2.5800000000e-02,	1.8985986775e-03,	2.5000532549e+00,	4.9826562554e+02,	5.0173387370e+02,	-6.9364963155e-02
2.5900000000e-02,	1.8916911380e-03,	2.5000534444e+00,	4.9828008665e+02,	5.0171946827e+02,	-6.8787632514e-02
2.6000000000e-02,	1.8848407983e-03,	2.5000536332e+00,	4.9829428018e+02,	5.0170532440e+02,	-6.8220884485e-02
2.6100000000e-02,	1.8780466243e-03,	2.5000538214e+00,	4.9830821841e+02,	5.0169143045e+02,	-6.7664240765e-02
2.6200000000e-02,	1.8713076281e-03,	2.5000540089e+00,	4.9832191271e+02,	5.0167777561e+02,	-6.7117258009e-02
2.6300000000e-02,	1.8646228644e-03,	2.5000541957e+00,	4.9833537360e+02,	5.0166434985e+02,	-6.6579525034e-02
2.6400000000e-02,	1.8579914275e-03,	2.5000543818e+00,	4.9834861086e+02,	5.0165114387e+02,	-6.6050660231e-02
2.6500000000e-02,	1.8514124486e-03,	2.5000545673e+00,	4.9836163355e+02,	5.0163814901e+02,	-6.5530309183e-02
2.6600000000e-02,	1.8448850929e-03,	2.5000547521e+00,	4.9837445009e+02,	5.0162535721e+02,	-6.5018142460e-02
2.6700000000e-02,	1.8384085576e-03,	2.5000549362e+00,	4.9838706830e+02,	5.0161276098e+02,	-6.4513853586e-02
2.6800000000e-02,	1.8319820691e-03,	2.5000551198e+00,	4.9839949548e+02,	5.0160035334e+02,	-6.4017157171e-02
2.6900000000e-02,	1.8256048819e-03,	2.5000553026e+00,	4.9841173840e+02,	5.0158812776e+02,	-6.3527787186e-02
2.7000000000e-02,	1.8192762758e-03,	2.5000554849e+00,	4.9842380340e+02,	5.0157607816e+02,	-6.3045495379e-02
2.7100000000e-02,	1.8129955547e-03,	2.5000556665e+00,	4.9843569636e+02,	5.0156419885e+02,	-6.2570049824e-02
2.7200000000e-02,	1.8067620449e-03,	2.5000558475e+00,	4.9844742282e+02,	5.0155248450e+02,	-6.2101233577e-02
2.7300000000e-02,	1.8005750938e-03,	2.5000560278e+00,	4.9845898794e+02,	5.0154093011e+02,	-6.1638843456e-02
2.7400000000e-02,	1.7944340683e-03,	2.5000562076e+00,	4.9847039655e+02,	5.0152953100e+02,	-6.1182688913e-02
2.7500000000e-02,	1.7883383541e-03,	2.5000563867e+00,	4.9848165321e+02,	5.0151828276e+02,	-6.0732591002e-02
2.7600000000e-02,	1.7822873539e-03,	2.5000565653e+00,	4.9849276217e+02,	5.0150718124e+02,	-6.0288381436e-02
2.7700000000e-02,	1.7762804868e-03,	2.5000567432e+00,	4.9850372746e+02,	5.0149622254e+02,	-5.9849901721e-02
2.7800000000e-02,	1.7703171875e-03,	2.5000569205e+00,	4.9851455285e+02,	5.0148540297e+02,	-5.9417002366e-02
2.7900000000e-02,	1.7643969051e-03,	2.5000570973e+00,	4.9852524193e+02,	5.0147471904e+02,	-5.8989542156e-02
2.8000000000e-02,	1.7585191022e-03,	2.5000572734e+00,	4.9853579807e+02,	5.0146416745e+02,	-5.8567387494e-02
2.8100000000e-02,	1.7526832549e-03,	2.5000574490e+00,	4.9854622447e+02,	5.0145374506e+02,	-5.8150411793e-02
2.8200000000e-02,	1.7468888513e-03,	2.5000576239e+00,	4.9855652417e+02,	5.0144344891e+02,	-5.7738494923e-02
2.8300000000e-02,	1.7411353911e-03,	2.5000577983e+00,	4.9856670003e+02,	5.0143327617e+02,	-5.7331522708e-02
2.8400000000e-02,	1.7354223855e-03,	2.5000579722e+00,	4.9857675482e+02,	5.0142322414e+02,	-5.6929386462e-02
2.8500000000e-02,	1.7297493561e-03,	2.5000581454e+00,	4.9858669113e+02,	5.0141329026e+02,	-5.6531982571e-02
2.8600000000e-02,	1.7241158346e-03,	2.5000583181e+00,	4.9859651146e+02,	5.0140347207e+02,	-5.6139212106e-02
2.8700000000e-02,	1.7185213624e-03,	2.5000584903e+00,	4.9860621820e+02,	5.0139376722e+02,	-5.5750980472e-02
2.8800000000e-02,	1.7129654902e-03,	2.5000586618e+00,	4.9861581361e+02,	5.0138417347e+02,	-5.5367197090e-02
2.8900000000e-02,	1.7074477776e-03,	2.5000588328e+00,	4.9862529989e+02,	5.0137468865e+02,	-5.4987775103e-02
2.9000000000e-02,	1.7019677926e-03,	2.5000590033e+00,	4.9863467914e+02,	5.0136531069e+02,	-5.4612631108e-02
2.9100000000e-02,	1.6965251114e-03,	2.5000591732e+00,	4.9864395336e+02,	5.0135603760e+02,	-5.4241684915e-02
2.9200000000e-02,	1.6911193183e-03,	2.5000593426e+00,	4.9865312450e+02,	5.0134686746e+02,	-5.3874859324e-02
2.9300000000e-02,	1.6857500047e-03,	2.5000595115e+00,	4.9866219442e+02,	5.0133779842e+02,	-5.3512079918e-02
2.9400000000e-02,	1.6804167698e-03,	2.5000596798e+00,	4.9867116493e+02,	5.0132882867e+02,	-5.3153274885e-02
2.9500000000e-02,	1.6751192196e-03,	2.5000598475e+00,	4.9868003777e+02,	5.0131995651e+02,	-5.2798374841e-02
2.9600000000e-02,	1.6698569669e-03,	2.5000600148e+00,	4.9868881462e+02,	5.0131118025e+02,	-5.2447312679e-02
2.9700000000e-02,	1.6646296313e-03,	2.5000601815e+00,	4.9869749711e+02,	5.0130249828e+02,	-5.2100023428e-02
2.9800000000e-02,	1.6594368386e-03,	2.5000603477e+00,	4.9870608682e+02,	5.0129390903e+02,	-5.1756444119e-02
2.9900000000e-02,	1.6542782208e-03,	2.5000605134e+00,	4.9871458529e+02,	5.0128541097e+02,	-5.1416513671e-02
3.0000000000e-02,	1.6491534162e-03,	2.5000606786e+00,	4.9872299399e+02,	5.0127700262e+02,	-5.1080172781e-02
3.0100000000e-02,	1.6440620685e-03,	2.5000608432e+00,	4.9873131436e+02,	5.0126868256e+02,	-5.0747363823e-02
3.0200000000e-02,	1.6390038275e-03,	2.5000610074e+00,	4.9873954783e+02,	5.0126044937e+02,	-5.0418030755e-02
3.0300000000e-02,	1.6339783483e-03,	2.5000611710e+00,	4.9874769574e+02,	5.0125230169e+02,	-5.0092119040e-02
3.0400000000e-02,	1.6289852915e-03,	2.5000613342e+00,	4.9875575943e+02,	5.0124423821e+02,	-4.9769575564e-02
3.0500000000e-02,	1.6240243227e-03,	2.5000614968e+00,	4.9876374020e+02,	5.0123625763e+02,	-4.9450348568e-02
3.0600000000e-02,	1.6190951129e-03,	2.5000616590e+00,	4.9877163931e+02,	5.0122835869e+02,	-4.9134387580e-02
3.0700000000e-02,	1.6141973379e-03,	2.5000618207e+00,	4.9877945798e+02,	5.0122054015e+02,	-4.8821643355e-02
3.0800000000e-02,	1.6093306786e-03,	2.5000619818e+00,	4.9878719743e+02,	5.0121280083e+02,	-4.8512067823e-02
3.0900000000e-02,	1.6044948203e-03,	2.5000621425e+00,	4.9879485884e+02,	5.0120513954e+02,	-4.8205614029e-02
3.1000000000e-02,	1.5996894533e-03,	2.5000623027e+00,	4.9880244333e+02,	5.0119755514e+02,	-4.7902236094e-02
3.1100000000e-02,	1.5949142721e-03,	2.5000624625e+00,	4.9880995205e+02,	5.0119004651e+02,	-4.7601889167e-02
3.1200000000e-02,	1.5901689759e-03,	2.5000626217e+00,	4.9881738608e+02,	5.0118261255e+02,	-4.7304529380e-02
3.1300000000e-02,	1.5854532681e-03,	2.5000627805e+00,	4.9882474650e+02,	5.0117525220e+02,	-4.7010113816e-02
3.1400000000e-02,	1.5807668563e-03,	2.5000629388e+00,	4.9883203437e+02,	5.0116796439e+02,	-4.6718600470e-02
3.1500000000e-02,	1.5761094526e-03,	2.5000630967e+00,	4.9883925070e+02,	5.0116074811e+02,	-4.6429948215e-02
3.1600000000e-02,	1.5714807727e-03,	2.5000632540e+00,	4.9884639651e+02,	5.0115360235e+02,	-4.6144116773e-02
3.1700000000e-02,	1.5668805365e-03,	2.5000634110e+00,	4.9885347278e+02,	5.0114652612e+02,	-4.5861066683e-02
3.1800000000e-02,	1.5623084679e-03,	2.5000635674e+00,	4.9886048049e+02,	5.0113951845e+02,	-4.5580759276e-02
3.1900000000e-02,	1.5577642945e-03,	2.5000637234e+00,	4.9886742057e+02,	5.0113257840e+02,	-4.5303156647e-02
3.2000000000e-02,	1.5532477477e-03,	2.5000638790e+00,	4.9887429396e+02,	5.0112570504e+02,	-4.5028221633e-02
3.2100000000e-02,	1.5487585625e-03,	2.5000640341e+00,	4.9888110157e+02,	5.0111889746e+02,	-4.4755917788e-02
3.2200000000e-02,	1.5442964776e-03,	2.5000641887e+00,	4.9888784430e+02,	5.0111215476e+02,	-4.4486209361e-02
3.2300000000e-02,	1.5398612353e-03,	2.5000643429e+00,	4.9889452301e+02,	5.0110547607e+02,	-4.4219061279e-02
3.2400000000e-02,	1.5354525811e-03,	2.5000644967e+00,	4.9890113857e+02,	5.0109886053e+02,	-4.3954439124e-02
3.2500000000e-02,	1.5310702644e-03,	2.5000646500e+00,	4.9890769183e+02,	5.0109230729e+02,	-4.3692309115e-02
3.2600000000e-02,	1.5267140374e-03,	2.5000648029e+00,	4.9891418362e+02,	5.0108581552e+02,	-4.3432638092e-02
3.2700000000e-02,	1.5223836559e-03,	2.5000649554e+00,	4.9892061474e+02,	5.0107938442e+02,	-4.3175393498e-02
3.2800000000e-02,	1.5180788788e-03,	2.5000651074e+00,	4.9892698600e+02,	5.0107301317e+02,	-4.2920543362e-02
3.2900000000e-02,	1.5137994684e-03,	2.5000652590e+00,	4.9893329818e+02,	5.0106670100e+02,	-4.2668056288e-02
3.3000000000e-02,	1.5095451898e-03,	2.5000654101e+00,	4.9893955206e+02,	5.0106044713e+02,	-4.2417901435e-02
3.3100000000e-02,	1.5053158114e-03,	2.5000655609e+00,	4.9894574839e+02,	5.0105425082e+02,	-4.2170048506e-02
3.3200000000e-02,	1.5011111044e-03,	2.5000657112e+00,	4.9895188792e+02,	5.0104811130e+02,	-4.1924467734e-02
3.3300000000e-02,	1.4969308431e-03,	2.5000658611e+00,	4.9895797137e+02,	5.0104202786e+02,	-4.1681129871e-02
3.3400000000e-02,	1.4927748046e-03,	2.5000660106e+00,	4.9896399947e+02,	5.0103599978e+02,	-4.1440006170e-02
3.3500000000e-02,	1.4886427690e-03,	2.5000661597e+00,	4.9896997292e+02,	5.0103002634e+02,	-4.1201068380e-02
3.3600000000e-02,	1.4845345190e-03,	2.5000663083e+00,	4.9897589241e+02,	5.0102410685e+02,	-4.0964288731e-02
3.3700000000e-02,	1.4804498402e-03,	2.5000664566e+00,	4.9898175864e+02,	5.0101824063e+02,	-4.0729639921e-02
3.3800000000e-02,	1.4763885209e-03,	2.5000666044e+00,	4.9898757226e+02,	5.0101242702e+02,	-4.0497095110e-02
3.3900000000e-02,	1.4723503520e-03,	2.5000667519e+00,	4.9899333395e+02,	5.0100666534e+02,	-4.0266627906e-02
3.4000000000e-02,	1.4683351269e-03,	2.5000668989e+00,	4.9899904434e+02,	5.0100095496e+02,	-4.0038212357e-02
3.4100000000e-02,	1.4643426419e-03,	2.5000670455e+00,	4.9900470408e+02,	5.0099529523e+02,	-3.9811822940e-02
3.4200000000e-02,	1.4603726956e-03,	2.5000671918e+00,	4.9901031379e+02,	5.0098968552e+02,	-3.9587434552e-02
3.4300000000e-02,	1.4564250892e-03,	2.5000673376e+00,	4.9901587410e+02,	5.0098412522e+02,	-3.9365022501e-02
3.4400000000e-02,	1.4524996261e-03,	2.5000674830e+00,	4.9902138560e+02,	5.0097861373e+02,	-3.9144562498e-02
3.4500000000e-02,	1.4485961124e-03,	2.5000676281e+00,	4.9902684890e+02,	5.0097315043e+02,	-3.8926030648e-02
3.4600000000e-02,	1.4447143565e-03,	2.5000677728e+00,	4.9903226458e+02,	5.0096773476e+02,	-3.8709403439e-02
3.4700000000e-02,	1.4408541690e-03,	2.5000679170e+00,	4.9903763323e+02,	5.0096236612e+02,	-3.8494657741e-02
3.4800000000e-02,	1.4370153630e-03,	2.5000680609e+00,	4.9904295541e+02,	5.0095704395e+02,	-3.8281770789e-02
3.4900000000e-02,	1.4331977536e-03,	2.5000682044e+00,	4.9904823168e+02,	5.0095176768e+02,	-3.8070720182e-02
3.5000000000e-02,	1.4294011584e-03,	2.5000683476e+00,	4.9905346259e+02,	5.0094653678e+02,	-3.7861483874e-02
3.5100000000e-02,	1.4256253971e-03,	2.5000684903e+00,	4.9905864868e+02,	5.0094135069e+02,	-3.7654040166e-02
3.5200000000e-02,	1.4218702914e-03,	2.5000686327e+00,	4.9906379050e+02,	5.0093620888e+02,	-3.7448367699e-02
3.5300000000e-02,	1.4181356652e-03,	2.5000687747e+00,	4.9906888856e+02,	5.0093111083e+02,	-3.7244445448e-02
3.5400000000e-02,	1.4144213446e-03,	2.5000689163e+00,	4.9907394338e+02,	5.0092605601e+02,	-3.7042252714e-02
3.5500000000e-02,	1.4107271577e-03,	2.5000690576e+00,	4.9907895547e+02,	5.0092104393e+02,	-3.6841769121e-02
3.5600000000e-02,	1.4070529345e-03,	2.5000691985e+00,	4.9908392534e+02,	5.0091607407e+02,	-3.6642974604e-02
3.5700000000e-02,	1.4033985071e-03,	2.5000693390e+00,	4.9908885347e+02,	5.0091114594e+02,	-3.6445849407e-02
3.5800000000e-02,	1.3997637096e-03,	2.5000694792e+00,	4.9909374035e+02,	5.0090625906e+02,	-3.6250374078e-02
3.5900000000e-02,	1.3961483780e-03,	2.5000696190e+00,	4.9909858647e+02,	5.0090141295e+02,	-3.6056529459e-02
3.6000000000e-02,	1.3925523500e-03,	2.5000697584e+00,	4.9910339230e+02,	5.0089660713e+02,	-3.5864296683e-02
3.6100000000e-02,	1.3889754655e-03,	2.5000698975e+00,	4.9910815829e+02,	5.0089184114e+02,	-3.5673657167e-02
3.6200000000e-02,	1.3854175661e-03,	2.5000700362e+00,	4.9911288490e+02,	5.0088711453e+02,	-3.5484592611e-02
3.6300000000e-02,	1.3818784951e-03,	2.5000701745e+00,	4.9911757260e+02,	5.0088242684e+02,	-3.5297084984e-02
3.6400000000e-02,	1.3783580978e-03,	2.5000703126e+00,	4.9912222181e+02,	5.0087777764e+02,	-3.5111116528e-02
3.6500000000e-02,	1.3748562211e-03,	2.5000704502e+00,	4.9912683298e+02,	5.0087316647e+02,	-3.4926669748e-02
3.6600000000e-02,	1.3713727137e-03,	2.5000705875e+00,	4.9913140654e+02,	5.0086859291e+02,	-3.4743727407e-02
3.6700000000e-02,	1.3679074260e-03,	2.5000707245e+00,	4.9913594292e+02,	5.0086405654e+02,	-3.4562272523e-02
3.6800000000e-02,	1.3644602101e-03,	2.5000708611e+00,	4.9914044252e+02,	5.0085955694e+02,	-3.4382288363e-02
3.6900000000e-02,	1.3610309199e-03,	2.5000709974e+00,	4.9914490577e+02,	5.0085509370e+02,	-3.4203758440e-02
3.7000000000e-02,	1.3576194105e-03,	2.5000711333e+00,	4.9914933308e+02,	5.0085066640e+02,	-3.4026666506e-02
3.7100000000e-02,	1.3542255392e-03,	2.5000712689e+00,	4.9915372483e+02,	5.0084627465e+02,	-3.3850996550e-02
3.7200000000e-02,	1.3508491643e-03,	2.5000714042e+00,	4.9915808142e+02,	5.0084191806e+02,	-3.3676732791e-02
3.7300000000e-02,	1.3474901462e-03,	2.5000715391e+00,	4.9916240325e+02,	5.0083759624e+02,	-3.3503859679e-02
3.7400000000e-02,	1.3441483466e-03,	2.5000716737e+00,	4.9916669070e+02,	5.0083330879e+02,	-3.3332361883e-02
3.7500000000e-02,	1.3408236285e-03,	2.5000718079e+00,	4.9917094414e+02,	5.0082905536e+02,	-3.3162224296e-02
3.7600000000e-02,	1.3375158569e-03,	2.5000719418e+00,	4.9917516395e+02,	5.0082483555e+02,	-3.2993432022e-02
3.7700000000e-02,	1.3342248978e-03,	2.5000720754e+00,	4.9917935049e+02,	5.0082064901e+02,	-3.2825970379e-02
3.7800000000e-02,	1.3309506189e-03,	2.5000722087e+00,	4.9918350413e+02,	5.0081649538e+02,	-3.2659824893e-02
3.7900000000e-02,	1.3276928894e-03,	2.5000723416e+00,	4.9918762523e+02,	5.0081237429e+02,	-3.2494981293e-02
3.8000000000e-02,	1.3244515797e-03,	2.5000724742e+00,	4.9919171412e+02,	5.0080828540e+02,	-3.2331425510e-02
3.8100000000e-02,	1.3212265618e-03,	2.5000726065e+00,	4.9919577117e+02,	5.0080422835e+02,	-3.2169143672e-02
3.8200000000e-02,	1.3180177090e-03,	2.5000727385e+00,	4.9919979671e+02,	5.0080020282e+02,	-3.2008122098e-02
3.8300000000e-02,	1.3148248958e-03,	2.5000728701e+00,	4.9920379108e+02,	5.0079620845e+02,	-3.1848347301e-02
3.8400000000e-02,	1.3116479984e-03,	2.5000730014e+00,	4.9920775462e+02,	5.0079224492e+02,	-3.1689805978e-02
3.8500000000e-02,	1.3084868940e-03,	2.5000731324e+00,	4.9921168765e+02,	5.0078831190e+02,	-3.1532485012e-02
3.8600000000e-02,	1.3053414612e-03,	2.5000732631e+00,	4.9921559049e+02,	5.0078440906e+02,	-3.1376371464e-02
3.8700000000e-02,	1.3022115799e-03,	2.5000733935e+00,	4.9921946346e+02,	5.0078053609e+02,	-3.1221452575e-02
3.8800000000e-02,	1.2990971312e-03,	2.5000735236e+00,	4.9922330688e+02,	5.0077669267e+02,	-3.1067715760e-02
3.8900000000e-02,	1.2959979977e-03,	2.5000736533e+00,	4.9922712106e+02,	5.0077287849e+02,	-3.0915148603e-02
3.9000000000e-02,	1.2929140629e-03,	2.5000737828e+00,	4.9923090631e+02,	5.0076909325e+02,	-3.0763738859e-02
3.9100000000e-02,	1.2898452118e-03,	2.5000739119e+00,	4.9923466292e+02,	5.0076533664e+02,	-3.0613474449e-02
3.9200000000e-02,	1.2867913303e-03,	2.5000740407e+00,	4.9923839120e+02,	5.0076160837e+02,	-3.0464343455e-02
3.9300000000e-02,	1.2837523057e-03,	2.5000741693e+00,	4.9924209143e+02,	5.0075790814e+02,	-3.0316334121e-02
3.9400000000e-02,	1.2807280264e-03,	2.5000742975e+00,	4.9924576392e+02,	5.0075423566e+02,	-3.0169434848e-02
3.9500000000e-02,	1.2777183821e-03,	2.5000744254e+00,	4.9924940893e+02,	5.0075059064e+02,	-3.0023634190e-02
3.9600000000e-02,	1.2747232634e-03,	2.5000745530e+00,	4.9925302677e+02,	5.0074697281e+02,	-2.9878920856e-02
3.9700000000e-02,	1.2717425621e-03,	2.5000746804e+00,	4.9925661770e+02,	5.0074338189e+02,	-2.9735283705e-02
3.9800000000e-02,	1.2687761711e-03,	2.5000748074e+00,	4.9926018200e+02,	5.0073981759e+02,	-2.9592711740e-02
3.9900000000e-02,	1.2658239846e-03,	2.5000749341e+00,	4.9926371994e+02,	5.0073627965e+02,	-2.9451194112e-02
4.0000000000e-02,	1.2628858975e-03,	2.5000750605e+00,	4.9926723180e+02,	5.0073276780e+02,	-2.9310720114e-02
4.0100000000e-02,	1.2599618061e-03,	2.5000751867e+00,	4.9927071782e+02,	5.0072928178e+02,	-2.9171279178e-02
4.0200000000e-02,	1.2570516076e-03,	2.5000753125e+00,	4.9927417828e+02,	5.0072582132e+02,	-2.9032860876e-02
4.0300000000e-02,	1.2541552002e-03,	2.5000754381e+00,	4.9927761343e+02,	5.0072238618e+02,	-2.8895454913e-02
4.0400000000e-02,	1.2512724832e-03,	2.5000755634e+00,	4.9928102353e+02,	5.0071897608e+02,	-2.8759051130e-02
4.0500000000e-02,	1.2484033569e-03,	2.5000756884e+00,	4.9928440882e+02,	5.0071559079e+02,	-2.8623639499e-02
4.0600000000e-02,	1.2455477225e-03,	2.5000758130e+00,	4.9928776955e+02,	5.0071223006e+02,	-2.8489210119e-02
4.0700000000e-02,	1.2427054824e-03,	2.5000759375e+00,	4.9929110598e+02,	5.0070889364e+02,	-2.8355753219e-02
4.0800000000e-02,	1.2398765398e-03,	2.5000760616e+00,	4.9929441833e+02,	5.0070558129e+02,	-2.8223259152e-02
4.0900000000e-02,	1.2370607988e-03,	2.5000761854e+00,	4.9929770685e+02,	5.0070229277e+02,	-2.8091718395e-02
4.1000000000e-02,	1.2342581647e-03,	2.5000763090e+00,	4.9930097178e+02,	5.0069902785e+02,	-2.7961121544e-02
4.1100000000e-02,	1.2314685434e-03,	2.5000764323e+00,	4.9930421333e+02,	5.0069578630e+02,	-2.7831459317e-02
4.1200000000e-02,	1.2286918420e-03,	2.5000765553e+00,	4.9930743175e+02,	5.0069256788e+02,	-2.7702722548e-02
4.1300000000e-02,	1.2259279683e-03,	2.5000766780e+00,	4.9931062726e+02,	5.0068937237e+02,	-2.7574902188e-02
4.1400000000e-02,	1.2231768313e-03,	2.5000768005e+00,	4.9931380009e+02,	5.0068619955e+02,	-2.7447989300e-02
4.1500000000e-02,	1.2204383405e-03,	2.5000769227e+00,	4.9931695044e+02,	5.0068304920e+02,	-2.7321975060e-02
4.1600000000e-02,	1.2177124066e-03,	2.5000770446e+00,	4.9932007855e+02,	5.0067992109e+02,	-2.7196850754e-02
4.1700000000e-02,	1.2149989410e-03,	2.5000771662e+00,	4.9932318463e+02,	5.0067681502e+02,	-2.7072607777e-02
4.1800000000e-02,	1.2122978559e-03,	2.5000772876e+00,	4.9932626888e+02,	5.0067373077e+02,	-2.6949237631e-02
4.1900000000e-02,	1.2096090646e-03,	2.5000774087e+00,	4.9932933153e+02,	5.0067066812e+02,	-2.6826731923e-02
4.2000000000e-02,	1.2069324810e-03,	2.5000775295e+00,	4.9933237277e+02,	5.0066762689e+02,	-2.6705082365e-02
4.2100000000e-02,	1.2042680199e-03,	2.5000776501e+00,	4.9933539281e+02,	5.0066460685e+02,	-2.6584280768e-02
4.2200000000e-02,	1.2016155969e-03,	2.5000777703e+00,	4.9933839185e+02,	5.0066160781e+02,	-2.6464319046e-02
4.2300000000e-02,	1.1989751284e-03,	2.5000778904e+00,	4.9934137010e+02,	5.0065862956e+02,	-2.6345189212e-02
4.2400000000e-02,	1.1963465316e-03,	2.5000780101e+00,	4.9934432775e+02,	5.0065567192e+02,	-2.6226883376e-02
4.2500000000e-02,	1.1937297245e-03,	2.5000781296e+00,	4.9934726499e+02,	5.0065273468e+02,	-2.6109393744e-02
4.2600000000e-02,	1.1911246259e-03,	2.5000782489e+00,	4.9935018202e+02,	5.0064981765e+02,	-2.5992712616e-02
4.2700000000e-02,	1.1885311553e-03,	2.5000783679e+00,	4.9935307903e+02,	5.0064692065e+02,	-2.5876832387e-02
4.2800000000e-02,	1.1859492329e-03,	2.5000784866e+00,	4.9935595620e+02,	5.0064404348e+02,	-2.5761745543e-02
4.2900000000e-02,	1.1833787799e-03,	2.5000786051e+00,	4.9935881372e+02,	5.0064118596e+02,	-2.5647444659e-02
4.3000000000e-02,	1.1808197181e-03,	2.5000787233e+00,	4.9936165178e+02,	5.0063834790e+02,	-2.5533922400e-02
4.3100000000e-02,	1.1782719698e-03,	2.5000788412e+00,	4.9936447055e+02,	5.0063552913e+02,	-2.5421171521e-02
4.3200000000e-02,	1.1757354583e-03,	2.5000789589e+00,	4.9936727022e+02,	5.0063272947e+02,	-2.5309184860e-02
4.3300000000e-02,	1.1732101075e-03,	2.5000790764e+00,	4.9937005096e+02,	5.0062994873e+02,	-2.5197955342e-02
4.3400000000e-02,	1.1706958422e-03,	2.5000791936e+00,	4.9937281295e+02,	5.0062718675e+02,	-2.5087475976e-02
4.3500000000e-02,	1.1681925876e-03,	2.5000793105e+00,	4.9937555635e+02,	5.0062444334e+02,	-2.4977739854e-02
4.3600000000e-02,	1.1657002697e-03,	2.5000794272e+00,	4.9937828134e+02,	5.0062171835e+02,	-2.4868740148e-02
4.3700000000e-02,	1.1632188152e-03,	2.5000795437e+00,	4.9938098810e+02,	5.0061901160e+02,	-2.4760470112e-02
4.3800000000e-02,	1.1607481516e-03,	2.5000796599e+00,	4.9938367677e+02,	5.0061632293e+02,	-2.4652923078e-02
4.3900000000e-02,	1.1582882067e-03,	2.5000797758e+00,	4.9938634754e+02,	5.0061365216e+02,	-2.4546092457e-02
4.4000000000e-02,	1.1558389094e-03,	2.5000798915e+00,	4.9938900056e+02,	5.0061099915e+02,	-2.4439971737e-02
4.4100000000e-02,	1.1534001889e-03,	2.5000800070e+00,	4.9939163599e+02,	5.0060836372e+02,	-2.4334554481e-02
4.4200000000e-02,	1.1509719753e-03,	2.5000801222e+00,	4.9939425400e+02,	5.0060574571e+02,	-2.4229834327e-02
4.4300000000e-02,	1.1485541990e-03,	2.5000802372e+00,	4.9939685473e+02,	5.0060314498e+02,	-2.4125804987e-02
4.4400000000e-02,	1.1461467915e-03,	2.5000803519e+00,	4.9939943835e+02,	5.0060056136e+02,	-2.4022460244e-02
4.4500000000e-02,	1.1437496844e-03,	2.5000804664e+00,	4.9940200501e+02,	5.0059799471e+02,	-2.3919793956e-02
4.4600000000e-02,	1.1413628103e-03,	2.5000805807e+00,	4.9940455486e+02,	5.0059544486e+02,	-2.3817800048e-02
4.4700000000e-02,	1.1389861022e-03,	2.5000806947e+00,	4.9940708805e+02,	5.0059291167e+02,	-2.3716472516e-02
4.4800000000e-02,	1.1366194937e-03,	2.5000808084e+00,	4.9940960473e+02,	5.0059039500e+02,	-2.3615805426e-02
4.4900000000e-02,	1.1342629193e-03,	2.5000809220e+00,	4.9941210504e+02,	5.0058789469e+02,	-2.3515792909e-02
4.5000000000e-02,	1.1319163135e-03,	2.5000810353e+00,	4.9941458913e+02,	5.0058541059e+02,	-2.3416429164e-02
4.5100000000e-02,	1.1295796120e-03,	2.5000811484e+00,	4.9941705715e+02,	5.0058294258e+02,	-2.3317708456e-02
4.5200000000e-02,	1.1272527506e-03,	2.5000812612e+00,	4.9941950924e+02,	5.0058049049e+02,	-2.3219625115e-02
4.5300000000e-02,	1.1249356659e-03,	2.5000813738e+00,	4.9942194553e+02,	5.0057805420e+02,	-2.3122173533e-02
4.5400000000e-02,	1.1226282950e-03,	2.5000814862e+00,	4.9942436616e+02,	5.0057563357e+02,	-2.3025348168e-02
4.5500000000e-02,	1.1203305756e-03,	2.5000815984e+00,	4.9942677128e+02,	5.0057322846e+02,	-2.2929143539e-02
4.5600000000e-02,	1.1180424458e-03,	2.5000817103e+00,	4.9942916101e+02,	5.0057083872e+02,	-2.2833554224e-02
4.5700000000e-02,	1.1157638444e-03,	2.5000818220e+00,	4.9943153550e+02,	5.0056846424e+02,	-2.2738574865e-02
4.5800000000e-02,	1.1134947107e-03,	2.5000819334e+00,	4.9943389487e+02,	5.0056610488e+02,	-2.2644200162e-02
4.5900000000e-02,	1.1112349844e-03,	2.5000820447e+00,	4.9943623925e+02,	5.0056376049e+02,	-2.2550424873e-02
4.6000000000e-02,	1.1089846059e-03,	2.5000821557e+00,	4.9943856878e+02,	5.0056143097e+02,	-2.2457243816e-02
4.6100000000e-02,	1.1067435160e-03,	2.5000822665e+00,	4.9944088358e+02,	5.0055911617e+02,	-2.2364651865e-02
4.6200000000e-02,	1.1045116560e-03,	2.5000823770e+00,	4.9944318378e+02,	5.0055681597e+02,	-2.2272643950e-02
4.6300000000e-02,	1.1022889679e-03,	2.5000824874e+00,	4.9944546950e+02,	5.0055453025e+02,	-2.2181215058e-02
4.6400000000e-02,	1.1000753939e-03,	2.5000825975e+00,	4.9944774087e+02,	5.0055225888e+02,	-2.2090360231e-02
4.6500000000e-02,	1.0978708769e-03,	2.5000827074e+00,	4.9944999801e+02,	5.0055000174e+02,	-2.2000074564e-02
4.6600000000e-02,	1.0956753602e-03,	2.5000828171e+00,	4.9945224105e+02,	5.0054775871e+02,	-2.1910353205e-02
4.6700000000e-02,	1.0934887876e-03,	2.5000829265e+00,	4.9945447010e+02,	5.0054552966e+02,	-2.1821191358e-02
4.6800000000e-02,	1.0913111034e-03,	2.5000830358e+00,	4.9945668527e+02,	5.0054331449e+02,	-2.1732584275e-02
4.6900000000e-02,	1.0891422524e-03,	2.5000831448e+00,	4.9945888670e+02,	5.0054111306e+02,	-2.1644527262e-02
4.7000000000e-02,	1.0869821798e-03,	2.5000832536e+00,	4.9946107449e+02,	5.0053892527e+02,	-2.1557015674e-02
4.7100000000e-02,	1.0848308312e-03,	2.5000833622e+00,	4.9946324876e+02,	5.0053675101e+02,	-2.1470044919e-02
4.7200000000e-02,	1.0826881529e-03,	2.5000834705e+00,	4.9946540962e+02,	5.0053459014e+02,	-2.1383610451e-02
4.7300000000e-02,	1.0805540914e-03,	2.5000835787e+00,	4.9946755719e+02,	5.0053244258e+02,	-2.1297707775e-02
4.7400000000e-02,	1.0784285938e-03,	2.5000836867e+00,	4.9946969157e+02,	5.0053030820e+02,	-2.1212332441e-02
4.7500000000e-02,	1.0763116075e-03,	2.5000837944e+00,	4.9947181288e+02,	5.0052818689e+02,	-2.1127480051e-02
4.7600000000e-02,	1.0742030805e-03,	2.5000839019e+00,	4.9947392123e+02,	5.0052607854e+02,	-2.1043146250e-02
4.7700000000e-02,	1.0721029611e-03,	2.5000840092e+00,	4.9947601672e+02,	5.0052398306e+02,	-2.0959326732e-02
4.7800000000e-02,	1.0700111981e-03,	2.5000841163e+00,	4.9947809946e+02,	5.0052190032e+02,	-2.0876017233e-02
4.7900000000e-02,	1.0679277408e-03,	2.5000842232e+00,	4.9948016955e+02,	5.0051983023e+02,	-2.0793213538e-02
4.8000000000e-02,	1.0658525387e-03,	2.5000843299e+00,	4.9948222710e+02,	5.0051777268e+02,	-2.0710911475e-02
4.8100000000e-02,	1.0637855419e-03,	2.5000844364e+00,	4.9948427222e+02,	5.0051572756e+02,	-2.0629106914e-02
4.8200000000e-02,	1.0617267009e-03,	2.5000845427e+00,	4.9948630500e+02,	5.0051369479e+02,	-2.0547795771e-02
4.8300000000e-02,	1.0596759665e-03,	2.5000846488e+00,	4.9948832554e+02,	5.0051167424e+02,	-2.0466974003e-02
4.8400000000e-02,	1.0576332899e-03,	2.5000847546e+00,	4.9949033395e+02,	5.0050966583e+02,	-2.0386637610e-02
4.8500000000e-02,	1.0555986229e-03,	2.5000848603e+00,	4.9949233033e+02,	5.0050766946e+02,	-2.0306782633e-02
4.8600000000e-02,	1.0535719175e-03,	2.5000849657e+00,	4.9949431477e+02,	5.0050568502e+02,	-2.0227405156e-02
4.8700000000e-02,	1.0515531261e-03,	2.5000850710e+00,	4.9949628736e+02,	5.0050371243e+02,	-2.0148501300e-02
4.8800000000e-02,	1.0495422015e-03,	2.5000851761e+00,	4.9949824821e+02,	5.0050175158e+02,	-2.0070067231e-02
4.8900000000e-02,	1.0475390971e-03,	2.5000852809e+00,	4.9950019742e+02,	5.0049980238e+02,	-1.9992099149e-02
4.9000000000e-02,	1.0455437663e-03,	2.5000853856e+00,	4.9950213506e+02,	5.0049786473e+02,	-1.9914593298e-02
4.9100000000e-02,	1.0435561631e-03,	2.5000854900e+00,	4.9950406125e+02,	5.0049593855e+02,	-1.9837545958e-02
4.9200000000e-02,	1.0415762419e-03,	2.5000855943e+00,	4.9950597606e+02,	5.0049402373e+02,	-1.9760953447e-02
4.9300000000e-02,	1.0396039574e-03,	2.5000856983e+00,	4.9950787960e+02,	5.0049212020e+02,	-1.9684812122e-02
4.9400000000e-02,	1.0376392646e-03,	2.5000858022e+00,	4.9950977194e+02,	5.0049022786e+02,	-1.9609118376e-02
4.9500000000e-02,	1.0356821189e-03,	2.5000859059e+00,	4.9951165318e+02,	5.0048834662e+02,	-1.9533868640e-02
4.9600000000e-02,	1.0337324762e-03,	2.5000860093e+00,	4.9951352342e+02,	5.0048647639e+02,	-1.9459059379e-02
4.9700000000e-02,	1.0317902925e-03,	2.5000861126e+00,	4.9951538272e+02,	5.0048461708e+02,	-1.9384687096e-02
4.9800000000e-02,	1.0298555243e-03,	2.5000862157e+00,	4.9951723119e+02,	5.0048276861e+02,	-1.9310748328e-02
4.9900000000e-02,	1.0279281285e-03,	2.5000863186e+00,	4.9951906891e+02,	5.0048093089e+02,	-1.9237239648e-02
5.0000000000e-02,	1.0260080622e-03,	2.5000864213e+00,	4.9952089596e+02,	5.0047910385e+02,	-1.9164157662e-02
5.0100000000e-02,	1.0240952829e-03,	2.5000865238e+00,	4.9952271243e+02,	5.0047728738e+02,	-1.9091499012e-02
5.0200000000e-02,	1.0221897484e-03,	2.5000866261e+00,	4.9952451840e+02,	5.0047548141e+02,	-1.9019260372e-02
5.0300000000e-02,	1.0202914169e-03,	2.5000867282e+00,	4.9952631394e+02,	5.0047368587e+02,	-1.8947438450e-02
5.0400000000e-02,	1.0184002469e-03,	2.5000868302e+00,	4.9952809916e+02,	5.0047190066e+02,	-1.8876029986e-02
5.0500000000e-02,	1.0165161972e-03,	2.5000869319e+00,	4.9952987411e+02,	5.0047012570e+02,	-1.8805031754e-02
5.0600000000e-02,	1.0146392270e-03,	2.5000870335e+00,	4.9953163889e+02,	5.0046836092e+02,	-1.8734440558e-02
5.0700000000e-02,	1.0127692956e-03,	2.5000871348e+00,	4.9953339358e+02,	5.0046660624e+02,	-1.8664253236e-02
5.0800000000e-02,	1.0109063630e-03,	2.5000872360e+00,	4.9953513824e+02,	5.0046486158e+02,	-1.8594466655e-02
5.0900000000e-02,	1.0090503891e-03,	2.5000873370e+00,	4.9953687297e+02,	5.0046312685e+02,	-1.8525077714e-02
5.1000000000e-02,	1.0072013343e-03,	2.5000874378e+00,	4.9953859783e+02,	5.0046140199e+02,	-1.8456083342e-02
5.1100000000e-02,	1.0053591593e-03,	2.5000875384e+00,	4.9954031290e+02,	5.0045968692e+02,	-1.8387480500e-02
5.1200000000e-02,	1.0035238252e-03,	2.5000876389e+00,	4.9954201826e+02,	5.0045798157e+02,	-1.8319266176e-02
5.1300000000e-02,	1.0016952933e-03,	2.5000877392e+00,	4.9954371398e+02,	5.0045628585e+02,	-1.8251437388e-02
5.1400000000e-02,	9.9987352500e-04,	2.5000878392e+00,	4.9954540013e+02,	5.0045459969e+02,	-1.8183991186e-02
5.1500000000e-02,	9.9805848236e-04,	2.5000879391e+00,	4.9954707680e+02,	5.0045292303e+02,	-1.8116924644e-02
5.1600000000e-02,	9.9625012751e-04,	2.5000880388e+00,	4.9954874404e+02,	5.0045125578e+02,	-1.8050234869e-02
5.1700000000e-02,	9.9444842292e-04,	2.5000881384e+00,	4.9955040194e+02,	5.0044959789e+02,	-1.7983918992e-02
5.1800000000e-02,	9.9265333134e-04,	2.5000882377e+00,	4.9955205056e+02,	5.0044794927e+02,	-1.7917974175e-02
5.1900000000e-02,	9.9086481581e-04,	2.5000883369e+00,	4.9955368997e+02,	5.0044630986e+02,	-1.7852397606e-02
5.2000000000e-02,	9.8908283964e-04,	2.5000884359e+00,	4.9955532025e+02,	5.0044467958e+02,	-1.7787186500e-02
5.2100000000e-02,	9.8730736642e-04,	2.5000885347e+00,	4.9955694146e+02,	5.0044305837e+02,	-1.7722338099e-02
5.2200000000e-02,	9.8553836002e-04,	2.5000886334e+00,	4.9955855367e+02,	5.0044144616e+02,	-1.7657849670e-02
5.2300000000e-02,	9.8377578458e-04,	2.5000887318e+00,	4.9956015695e+02,	5.0043984288e+02,	-1.7593718509e-02
5.2400000000e-02,	9.8201960450e-04,	2.5000888301e+00,	4.9956175137e+02,	5.0043824847e+02,	-1.7529941935e-02
5.2500000000e-02,	9.8026978446e-04,	2.5000889282e+00,	4.9956333699e+02,	5.0043666285e+02,	-1.7466517295e-02
5.2600000000e-02,	9.7852628940e-04,	2.5000890262e+00,	4.9956491387e+02,	5.0043508597e+02,	-1.7403441959e-02
5.2700000000e-02,	9.7678908451e-04,	2.5000891239e+00,	4.9956648209e+02,	5.0043351775e+02,	-1.7340713324e-02
5.2800000000e-02,	9.7505813526e-04,	2.5000892215e+00,	4.9956804170e+02,	5.0043195814e+02,	-1.7278328809e-02
5.2900000000e-02,	9.7333340736e-04,	2.5000893190e+00,	4.9956959277e+02,	5.0043040707e+02,	-1.7216285860e-02
5.3000000000e-02,	9.7161486679e-04,	2.5000894162e+00,	4.9957113537e+02,	5.0042886447e+02,	-1.7154581946e-02
5.3100000000e-02,	9.6990247976e-04,	2.5000895133e+00,	4.9957266956e+02,	5.0042733029e+02,	-1.7093214560e-02
5.3200000000e-02,	9.6819621274e-04,	2.5000896102e+00,	4.9957419539e+02,	5.0042580445e+02,	-1.7032181218e-02
5.3300000000e-02,	9.6649603246e-04,	2.5000897069e+00,	4.9957571294e+02,	5.0042428691e+02,	-1.6971479460e-02
5.3400000000e-02,	9.6480190588e-04,	2.5000898035e+00,	4.9957722225e+02,	5.0042277759e+02,	-1.6911106847e-02
5.3500000000e-02,	9.6311380020e-04,	2.5000898999e+00,	4.9957872340e+02,	5.0042127645e+02,	-1.6851060967e-02
5.3600000000e-02,	9.6143168287e-04,	2.5000899961e+00,	4.9958021644e+02,	5.0041978341e+02,	-1.6791339426e-02
5.3700000000e-02,	9.5975552158e-04,	2.5000900922e+00,	4.9958170143e+02,	5.0041829842e+02,	-1.6731939854e-02
5.3800000000e-02,	9.5808528425e-04,	2.5000901881e+00,	4.9958317843e+02,	5.0041682142e+02,	-1.6672859904e-02
5.3900000000e-02,	9.5642093903e-04,	2.5000902838e+00,	4.9958464749e+02,	5.0041535236e+02,	-1.6614097249e-02
5.4000000000e-02,	9.5476245430e-04,	2.5000903793e+00,	4.9958610869e+02,	5.0041389117e+02,	-1.6555649585e-02
5.4100000000e-02,	9.5310979868e-04,	2.5000904747e+00,	4.9958756206e+02,	5.0041243779e+02,	-1.6497514627e-02
5.4200000000e-02,	9.5146294103e-04,	2.5000905700e+00,	4.9958900767e+02,	5.0041099218e+02,	-1.6439690114e-02
5.4300000000e-02,	9.4982185039e-04,	2.5000906650e+00,	4.9959044558e+02,	5.0040955427e+02,	-1.6382173804e-02
5.4400000000e-02,	9.4818649607e-04,	2.5000907599e+00,	4.9959187584e+02,	5.0040812401e+02,	-1.6324963475e-02
5.4500000000e-02,	9.4655684757e-04,	2.5000908547e+00,	4.9959329850e+02,	5.0040670135e+02,	-1.6268056926e-02
5.4600000000e-02,	9.4493287463e-04,	2.5000909492e+00,	4.9959471363e+02,	5.0040528623e+02,	-1.6211451976e-02
5.4700000000e-02,	9.4331454719e-04,	2.5000910437e+00,	4.9959612127e+02,	5.0040387859e+02,	-1.6155146466e-02
5.4800000000e-02,	9.4170183542e-04,	2.5000911379e+00,	4.9959752147e+02,	5.0040247839e+02,	-1.6099138252e-02
5.4900000000e-02,	9.4009470970e-04,	2.5000912320e+00,	4.9959891430e+02,	5.0040108556e+02,	-1.6043425213e-02
5.5000000000e-02,	9.3849314061e-04,	2.5000913259e+00,	4.9960029980e+02,	5.0039970006e+02,	-1.5988005246e-02
5.5100000000e-02,	9.3689709895e-04,	2.5000914197e+00,	4.9960167802e+02,	5.0039832184e+02,	-1.5932876268e-02
5.5200000000e-02,	9.3530655573e-04,	2.5000915133e+00,	4.9960304903e+02,	5.0039695084e+02,	-1.5878036213e-02
5.5300000000e-02,	9.3372148215e-04,	2.5000916068e+00,	4.9960441286e+02,	5.0039558701e+02,	-1.5823483036e-02
5.5400000000e-02,	9.3214184963e-04,	2.5000917000e+00,	4.9960576956e+02,	5.0039423030e+02,	-1.5769214707e-02
5.5500000000e-02,	9.3056762978e-04,	2.5000917932e+00,	4.9960711920e+02,	5.0039288066e+02,	-1.5715229217e-02
5.5600000000e-02,	9.2899879442e-04,	2.5000918862e+00,	4.9960846182e+02,	5.0039153805e+02,	-1.5661524575e-02
5.5700000000e-02,	9.2743531557e-04,	2.5000919790e+00,	4.9960979746e+02,	5.0039020240e+02,	-1.5608098805e-02
5.5800000000e-02,	9.2587716543e-04,	2.5000920716e+00,	4.9961112618e+02,	5.0038887368e+02,	-1.5554949952e-02
5.5900000000e-02,	9.2432431641e-04,	2.5000921642e+00,	4.9961244803e+02,	5.0038755184e+02,	-1.5502076076e-02
5.6000000000e-02,	9.2277674111e-04,	2.5000922565e+00,	4.9961376305e+02,	5.0038623682e+02,	-1.5449475255e-02
5.6100000000e-02,	9.2123441232e-04,	2.5000923487e+00,	4.9961507129e+02,	5.0038492857e+02,	-1.5397145585e-02
5.6200000000e-02,	9.1969730302e-04,	2.5000924408e+00,	4.9961637281e+02,	5.0038362706e+02,	-1.5345085177e-02
5.6300000000e-02,	9.1816538637e-04,	2.5000925327e+00,	4.9961766763e+02,	5.0038233224e+02,	-1.5293292159e-02
5.6400000000e-02,	9.1663863574e-04,	2.5000926244e+00,	4.9961895582e+02,	5.0038104405e+02,	-1.5241764677e-02
5.6500000000e-02,	9.1511702465e-04,	2.5000927160e+00,	4.9962023741e+02,	5.0037976246e+02,	-1.5190500892e-02
5.6600000000e-02,	9.1360052683e-04,	2.5000928074e+00,	4.9962151246e+02,	5.0037848741e+02,	-1.5139498982e-02
5.6700000000e-02,	9.1208911618e-04,	2.5000928987e+00,	4.9962278101e+02,	5.0037721887e+02,	-1.5088757140e-02
5.6800000000e-02,	9.1058276679e-04,	2.5000929898e+00,	4.9962404310e+02,	5.0037595678e+02,	-1.5038273575e-02
5.6900000000e-02,	9.0908145292e-04,	2.5000930808e+00,	4.9962529877e+02,	5.0037470110e+02,	-1.4988046511e-02
5.7000000000e-02,	9.0758514900e-04,	2.5000931716e+00,	4.9962654808e+02,	5.0037345179e+02,	-1.4938074190e-02
5.7100000000e-02,	9.0609382965e-04,	2.5000932623e+00,	4.9962779107e+02,	5.0037220881e+02,	-1.4888354866e-02
5.7200000000e-02,	9.0460746965e-04,	2.5000933529e+00,	4.9962902777e+02,	5.0037097211e+02,	-1.4838886811e-02
5.7300000000e-02,	9.0312604397e-04,	2.5000934433e+00,	4.9963025823e+02,	5.0036974165e+02,	-1.4789668309e-02
5.7400000000e-02,	9.0164952773e-04,	2.5000935335e+00,	4.9963148250e+02,	5.0036851738e+02,	-1.4740697662e-02
5.7500000000e-02,	9.0017789623e-04,	2.5000936236e+00,	4.9963270061e+02,	5.0036729927e+02,	-1.4691973185e-02
5.7600000000e-02,	8.9871112494e-04,	2.5000937135e+00,	4.9963391261e+02,	5.0036608727e+02,	-1.4643493206e-02
5.7700000000e-02,	8.9724918949e-04,	2.5000938033e+00,	4.9963511854e+02,	5.0036488134e+02,	-1.4595256070e-02
5.7800000000e-02,	8.9579206569e-04,	2.5000938930e+00,	4.9963631844e+02,	5.0036368144e+02,	-1.4547260136e-02
5.7900000000e-02,	8.9433972948e-04,	2.5000939825e+00,	4.9963751235e+02,	5.0036248754e+02,	-1.4499503774e-02
5.8000000000e-02,	8.9289215700e-04,	2.5000940718e+00,	4.9963870031e+02,	5.0036129958e+02,	-1.4451985373e-02
5.8100000000e-02,	8.9144932453e-04,	2.5000941611e+00,	4.9963988236e+02,	5.0036011752e+02,	-1.4404703330e-02
5.8200000000e-02,	8.9001120851e-04,	2.5000942501e+00,	4.9964105854e+02,	5.0035894134e+02,	-1.4357656060e-02
5.8300000000e-02,	8.8857778554e-04,	2.5000943391e+00,	4.9964222889e+02,	5.0035777099e+02,	-1.4310841989e-02
5.8400000000e-02,	8.8714903239e-04,	2.5000944279e+00,	4.9964339345e+02,	5.0035660643e+02,	-1.4264259559e-02
5.8500000000e-02,	8.8572492596e-04,	2.5000945165e+00,	4.9964455226e+02,	5.0035544762e+02,	-1.4217907221e-02
5.8600000000e-02,	8.8430544332e-04,	2.5000946050e+00,	4.9964570536e+02,	5.0035429453e+02,	-1.4171783444e-02
5.8700000000e-02,	8.8289056170e-04,	2.5000946934e+00,	4.9964685278e+02,	5.0035314711e+02,	-1.4125886706e-02
5.8800000000e-02,	8.8148025847e-04,	2.5000947816e+00,	4.9964799456e+02,	5.0035200533e+02,	-1.4080215500e-02
5.8900000000e-02,	8.8007451113e-04,	2.5000948697e+00,	4.9964913074e+02,	5.0035086915e+02,	-1.4034768330e-02
5.9000000000e-02,	8.7867329738e-04,	2.5000949576e+00,	4.9965026135e+02,	5.0034973854e+02,	-1.3989543714e-02
5.9100000000e-02,	8.7727659502e-04,	2.5000950454e+00,	4.9965138644e+02,	5.0034861345e+02,	-1.3944540182e-02
5.9200000000e-02,	8.7588438202e-04,	2.5000951330e+00,	4.9965250604e+02,	5.0034749385e+02,	-1.3899756277e-02
5.9300000000e-02,	8.7449663649e-04,	2.5000952206e+00,	4.9965362018e+02,	5.0034637971e+02,	-1.3855190551e-02
5.9400000000e-02,	8.7311333669e-04,	2.5000953079e+00,	4.9965472891e+02,	5.0034527099e+02,	-1.3810841573e-02
5.9500000000e-02,	8.7173446100e-04,	2.5000953952e+00,	4.9965583225e+02,	5.0034416764e+02,	-1.3766707919e-02
5.9600000000e-02,	8.7035998797e-04,	2.5000954823e+00,	4.9965693024e+02,	5.0034306965e+02,	-1.3722788180e-02
5.9700000000e-02,	8.6898989628e-04,	2.5000955693e+00,	4.9965802292e+02,	5.0034197697e+02,	-1.3679080959e-02
5.9800000000e-02,	8.6762416474e-04,	2.5000956561e+00,	4.9965911033e+02,	5.0034088957e+02,	-1.3635584867e-02
5.9900000000e-02,	8.6626277232e-04,	2.5000957428e+00,	4.9966019248e+02,	5.0033980741e+02,	-1.3592298531e-02
6.0000000000e-02,	8.6490569809e-04,	2.5000958293e+00,	4.9966126943e+02,	5.0033873046e+02,	-1.3549220585e-02
6.0100000000e-02,	8.6355292130e-04,	2.5000959158e+00,	4.9966234121e+02,	5.0033765869e+02,	-1.3506349678e-02
6.0200000000e-02,	8.6220442130e-04,	2.5000960021e+00,	4.9966340784e+02,	5.0033659206e+02,	-1.3463684467e-02
6.0300000000e-02,	8.6086017759e-04,	2.5000960882e+00,	4.9966446936e+02,	5.0033553054e+02,	-1.3421223622e-02
6.0400000000e-02,	8.5952016981e-04,	2.5000961742e+00,	4.9966552580e+02,	5.0033447409e+02,	-1.3378965823e-02
6.0500000000e-02,	8.5818437770e-04,	2.5000962601e+00,	4.9966657720e+02,	5.0033342269e+02,	-1.3336909762e-02
6.0600000000e-02,	8.5685278117e-04,	2.5000963459e+00,	4.9966762360e+02,	5.0033237630e+02,	-1.3295054140e-02
6.0700000000e-02,	8.5552536024e-04,	2.5000964315e+00,	4.9966866501e+02,	5.0033133489e+02,	-1.3253397669e-02
6.0800000000e-02,	8.5420209504e-04,	2.5000965170e+00,	4.9966970147e+02,	5.0033029843e+02,	-1.3211939071e-02
6.0900000000e-02,	8.5288296587e-04,	2.5000966023e+00,	4.9967073302e+02,	5.0032926688e+02,	-1.3170677081e-02
6.1000000000e-02,	8.5156795312e-04,	2.5000966875e+00,	4.9967175969e+02,	5.0032824021e+02,	-1.3129610442e-02
6.1100000000e-02,	8.5025703731e-04,	2.5000967726e+00,	4.9967278150e+02,	5.0032721840e+02,	-1.3088737906e-02
6.1200000000e-02,	8.4895019911e-04,	2.5000968576e+00,	4.9967379849e+02,	5.0032620141e+02,	-1.3048058237e-02
6.1300000000e-02,	8.4764741928e-04,	2.5000969424e+00,	4.9967481070e+02,	5.0032518921e+02,	-1.3007570209e-02
6.1400000000e-02,	8.4634867872e-04,	2.5000970271e+00,	4.9967581814e+02,	5.0032418177e+02,	-1.2967272606e-02
6.1500000000e-02,	8.4505395845e-04,	2.5000971117e+00,	4.9967682085e+02,	5.0032317906e+02,	-1.2927164220e-02
6.1600000000e-02,	8.4376323961e-04,	2.5000971961e+00,	4.9967781886e+02,	5.0032218105e+02,	-1.2887243853e-02
6.1700000000e-02,	8.4247650345e-04,	2.5000972805e+00,	4.9967881219e+02,	5.0032118771e+02,	-1.2847510320e-02
6.1800000000e-02,	8.4119373135e-04,	2.5000973646e+00,	4.9967980089e+02,	5.0032019901e+02,	-1.2807962440e-02
6.1900000000e-02,	8.3991490481e-04,	2.5000974487e+00,	4.9968078498e+02,	5.0031921493e+02,	-1.2768599046e-02
6.2000000000e-02,	8.3864000543e-04,	2.5000975326e+00,	4.9968176448e+02,	5.0031823543e+02,	-1.2729418977e-02
6.2100000000e-02,	8.3736901494e-04,	2.5000976164e+00,	4.9968273943e+02,	5.0031726048e+02,	-1.2690421084e-02
6.2200000000e-02,	8.3610191518e-04,	2.5000977001e+00,	4.9968370985e+02,	5.0031629006e+02,	-1.2651604226e-02
6.2300000000e-02,	8.3483868810e-04,	2.5000977836e+00,	4.9968467577e+02,	5.0031532414e+02,	-1.2612967270e-02
6.2400000000e-02,	8.3357931577e-04,	2.5000978671e+00,	4.9968563723e+02,	5.0031436268e+02,	-1.2574509093e-02
6.2500000000e-02,	8.3232378036e-04,	2.5000979504e+00,	4.9968659424e+02,	5.0031340567e+02,	-1.2536228581e-02
6.2600000000e-02,	8.3107206417e-04,	2.5000980335e+00,	4.9968754684e+02,	5.0031245307e+02,	-1.2498124628e-02
6.2700000000e-02,	8.2982414959e-04,	2.5000981166e+00,	4.9968849505e+02,	5.0031150486e+02,	-1.2460196137e-02
6.2800000000e-02,	8.2858001913e-04,	2.5000981995e+00,	4.9968943890e+02,	5.0031056101e+02,	-1.2422442020e-02
6.2900000000e-02,	8.2733965541e-04,	2.5000982823e+00,	4.9969037843e+02,	5.0030962149e+02,	-1.2384861197e-02
6.3000000000e-02,	8.2610304115e-04,	2.5000983650e+00,	4.9969131364e+02,	5.0030868627e+02,	-1.2347452598e-02
6.3100000000e-02,	8.2487015918e-04,	2.5000984475e+00,	4.9969224458e+02,	5.0030775533e+02,	-1.2310215158e-02
6.3200000000e-02,	8.2364099245e-04,	2.5000985299e+00,	4.9969317126e+02,	5.0030682865e+02,	-1.2273147824e-02
6.3300000000e-02,	8.2241552398e-04,	2.5000986122e+00,	4.9969409372e+02,	5.0030590619e+02,	-1.2236249548e-02
6.3400000000e-02,	8.2119373694e-04,	2.5000986944e+00,	4.9969501197e+02,	5.0030498794e+02,	-1.2199519293e-02
6.3500000000e-02,	8.1997561456e-04,	2.5000987765e+00,	4.9969592606e+02,	5.0030407386e+02,	-1.2162956029e-02
6.3600000000e-02,	8.1876114020e-04,	2.5000988584e+00,	4.9969683599e+02,	5.0030316393e+02,	-1.2126558732e-02
6.3700000000e-02,	8.1755029731e-04,	2.5000989402e+00,	4.9969774180e+02,	5.0030225812e+02,	-1.2090326389e-02
6.3800000000e-02,	8.1634306945e-04,	2.5000990219e+00,	4.9969864351e+02,	5.0030135641e+02,	-1.2054257993e-02
6.3900000000e-02,	8.1513944028e-04,	2.5000991035e+00,	4.9969954114e+02,	5.0030045877e+02,	-1.2018352545e-02
6.4000000000e-02,	8.1393939355e-04,	2.5000991849e+00,	4.9970043473e+02,	5.0029956518e+02,	-1.1982609055e-02
6.4100000000e-02,	8.1274291310e-04,	2.5000992663e+00,	4.9970132429e+02,	5.0029867562e+02,	-1.1947026538e-02
6.4200000000e-02,	8.1154998291e-04,	2.5000993475e+00,	4.9970220986e+02,	5.0029779006e+02,	-1.1911604018e-02
6.4300000000e-02,	8.1036058700e-04,	2.5000994286e+00,	4.9970309145e+02,	5.0029690847e+02,	-1.1876340528e-02
6.4400000000e-02,	8.0917470953e-04,	2.5000995096e+00,	4.9970396908e+02,	5.0029603084e+02,	-1.1841235105e-02
6.4500000000e-02,	8.0799233474e-04,	2.5000995904e+00,	4.9970484279e+02,	5.0029515713e+02,	-1.1806286797e-02
6.4600000000e-02,	8.0681344697e-04,	2.5000996712e+00,	4.9970571259e+02,	5.0029428733e+02,	-1.1771494656e-02
6.4700000000e-02,	8.0563803064e-04,	2.5000997518e+00,	4.9970657852e+02,	5.0029342140e+02,	-1.1736857744e-02
6.4800000000e-02,	8.0446607027e-04,	2.5000998323e+00,	4.9970744058e+02,	5.0029255934e+02,	-1.1702375128e-02
6.4900000000e-02,	8.0329755050e-04,	2.5000999127e+00,	4.9970829881e+02,	5.0029170111e+02,	-1.1668045883e-02
6.5000000000e-02,	8.0213245602e-04,	2.5000999930e+00,	4.9970915323e+02,	5.0029084669e+02,	-1.1633869091e-02
6.5100000000e-02,	8.0097077163e-04,	2.5001000731e+00,	4.9971000386e+02,	5.0028999606e+02,	-1.1599843841e-02
6.5200000000e-02,	7.9981248223e-04,	2.5001001531e+00,	4.9971085073e+02,	5.0028914919e+02,	-1.1565969228e-02
6.5300000000e-02,	7.9865757279e-04,	2.5001002331e+00,	4.9971169385e+02,	5.0028830607e+02,	-1.1532244355e-02
6.5400000000e-02,	7.9750602839e-04,	2.5001003129e+00,	4.9971253325e+02,	5.0028746667e+02,	-1.1498668331e-02
6.5500000000e-02,	7.9635783419e-04,	2.5001003926e+00,	4.9971336895e+02,	5.0028663097e+02,	-1.1465240272e-02
6.5600000000e-02,	7.9521297544e-04,	2.5001004722e+00,	4.9971420098e+02,	5.0028579894e+02,	-1.1431959301e-02
6.5700000000e-02,	7.9407143746e-04,	2.5001005516e+00,	4.9971502935e+02,	5.0028497057e+02,	-1.1398824547e-02
6.5800000000e-02,	7.9293320568e-04,	2.5001006310e+00,	4.9971585408e+02,	5.0028414584e+02,	-1.1365835145e-02
6.5900000000e-02,	7.9179826561e-04,	2.5001007102e+00,	4.9971667521e+02,	5.0028332472e+02,	-1.1332990237e-02
6.6000000000e-02,	7.9066660285e-04,	2.5001007893e+00,	4.9971749274e+02,	5.0028250719e+02,	-1.1300288973e-02
6.6100000000e-02,	7.8953820306e-04,	2.5001008683e+00,	4.9971830670e+02,	5.0028169322e+02,	-1.1267730506e-02
6.6200000000e-02,	7.8841305201e-04,	2.5001009472e+00,	4.9971911711e+02,	5.0028088281e+02,	-1.1235313998e-02
6.6300000000e-02,	7.8729113556e-04,	2.5001010260e+00,	4.9971992400e+02,	5.0028007593e+02,	-1.1203038616e-02
6.6400000000e-02,	7.8617243961e-04,	2.5001011047e+00,	4.9972072737e+02,	5.0027927255e+02,	-1.1170903533e-02
6.6500000000e-02,	7.8505695020e-04,	2.5001011833e+00,	4.9972152726e+02,	5.0027847266e+02,	-1.1138907930e-02
6.6600000000e-02,	7.8394465341e-04,	2.5001012617e+00,	4.9972232369e+02,	5.0027767624e+02,	-1.1107050991e-02
6.6700000000e-02,	7.8283553541e-04,	2.5001013400e+00,	4.9972311667e+02,	5.0027688326e+02,	-1.1075331909e-02
6.6800000000e-02,	7.8172958246e-04,	2.5001014183e+00,	4.9972390622e+02,	5.0027609371e+02,	-1.1043749880e-02
6.6900000000e-02,	7.8062678089e-04,	2.5001014964e+00,	4.9972469236e+02,	5.0027530757e+02,	-1.1012304109e-02
6.7000000000e-02,	7.7952711712e-04,	2.5001015744e+00,	4.9972547512e+02,	5.0027452481e+02,	-1.0980993804e-02
6.7100000000e-02,	7.7843057764e-04,	2.5001016523e+00,	4.9972625451e+02,	5.0027374542e+02,	-1.0949818181e-02
6.7200000000e-02,	7.7733714902e-04,	2.5001017301e+00,	4.9972703055e+02,	5.0027296938e+02,	-1.0918776460e-02
6.7300000000e-02,	7.7624681791e-04,	2.5001018078e+00,	4.9972780327e+02,	5.0027219666e+02,	-1.0887867868e-02
6.7400000000e-02,	7.7515957103e-04,	2.5001018853e+00,	4.9972857267e+02,	5.0027142726e+02,	-1.0857091637e-02
6.7500000000e-02,	7.7407539520e-04,	2.5001019628e+00,	4.9972933879e+02,	5.0027066114e+02,	-1.0826447004e-02
6.7600000000e-02,	7.7299427727e-04,	2.5001020401e+00,	4.9973010163e+02,	5.0026989830e+02,	-1.0795933214e-02
6.7700000000e-02,	7.7191620422e-04,	2.5001021174e+00,	4.9973086123e+02,	5.0026913870e+02,	-1.0765549514e-02
6.7800000000e-02,	7.7084116306e-04,	2.5001021945e+00,	4.9973161759e+02,	5.0026838234e+02,	-1.0735295159e-02
6.7900000000e-02,	7.6976914090e-04,	2.5001022716e+00,	4.9973237073e+02,	5.0026762920e+02,	-1.0705169408e-02
6.8000000000e-02,	7.6870012491e-04,	2.5001023485e+00,	4.9973312068e+02,	5.0026687925e+02,	-1.0675171527e-02
6.8100000000e-02,	7.6763410235e-04,	2.5001024253e+00,	4.9973386745e+02,	5.0026613249e+02,	-1.0645300785e-02
6.8200000000e-02,	7.6657106054e-04,	2.5001025020e+00,	4.9973461105e+02,	5.0026538888e+02,	-1.0615556458e-02
6.8300000000e-02,	7.6551098687e-04,	2.5001025786e+00,	4.9973535152e+02,	5.0026464841e+02,	-1.0585937827e-02
6.8400000000e-02,	7.6445386881e-04,	2.5001026551e+00,	4.9973608886e+02,	5.0026391107e+02,	-1.0556444177e-02
6.8500000000e-02,	7.6339969389e-04,	2.5001027315e+00,	4.9973682310e+02,	5.0026317684e+02,	-1.0527074800e-02
6.8600000000e-02,	7.6234844973e-04,	2.5001028078e+00,	4.9973755424e+02,	5.0026244569e+02,	-1.0497828990e-02
6.8700000000e-02,	7.6130012400e-04,	2.5001028840e+00,	4.9973828232e+02,	5.0026171762e+02,	-1.0468706050e-02
6.8800000000e-02,	7.6025470445e-04,	2.5001029601e+00,	4.9973900733e+02,	5.0026099260e+02,	-1.0439705286e-02
6.8900000000e-02,	7.5921217889e-04,	2.5001030360e+00,	4.9973972932e+02,	5.0026027062e+02,	-1.0410826008e-02
6.9000000000e-02,	7.5817253522e-04,	2.5001031119e+00,	4.9974044828e+02,	5.0025955166e+02,	-1.0382067532e-02
6.9100000000e-02,	7.5713576138e-04,	2.5001031877e+00,	4.9974116424e+02,	5.0025883570e+02,	-1.0353429179e-02
6.9200000000e-02,	7.5610184540e-04,	2.5001032633e+00,	4.9974187721e+02,	5.0025812272e+02,	-1.0324910274e-02
6.9300000000e-02,	7.5507077537e-04,	2.5001033389e+00,	4.9974258721e+02,	5.0025741272e+02,	-1.0296510148e-02
6.9400000000e-02,	7.5404253944e-04,	2.5001034143e+00,	4.9974329426e+02,	5.0025670567e+02,	-1.0268228136e-02
6.9500000000e-02,	7.5301712583e-04,	2.5001034897e+00,	4.9974399838e+02,	5.0025600156e+02,	-1.0240063577e-02
6.9600000000e-02,	7.5199452283e-04,	2.5001035649e+00,	4.9974469957e+02,	5.0025530036e+02,	-1.0212015816e-02
6.9700000000e-02,	7.5097471879e-04,	2.5001036401e+00,	4.9974539786e+02,	5.0025460207e+02,	-1.0184084202e-02
6.9800000000e-02,	7.4995770214e-04,	2.5001037151e+00,	4.9974609327e+02,	5.0025390667e+02,	-1.0156268088e-02
6.9900000000e-02,	7.4894346135e-04,	2.5001037901e+00,	4.9974678580e+02,	5.0025321414e+02,	-1.0128566833e-02
7.0000000000e-02,	7.4793198496e-04,	2.5001038649e+00,	4.9974747547e+02,	5.0025252446e+02,	-1.0100979799e-02
7.0100000000e-02,	7.4692326160e-04,	2.5001039397e+00,	4.9974816231e+02,	5.0025183763e+02,	-1.0073506353e-02
7.0200000000e-02,	7.4591727993e-04,	2.5001040143e+00,	4.9974884632e+02,	5.0025115362e+02,	-1.0046145866e-02
7.0300000000e-02,	7.4491402868e-04,	2.5001040889e+00,	4.9974952753e+02,	5.0025047241e+02,	-1.0018897715e-02
7.0400000000e-02,	7.4391349666e-04,	2.5001041633e+00,	4.9975020594e+02,	5.0024979400e+02,	-9.9917612798e-03
7.0500000000e-02,	7.4291567272e-04,	2.5001042376e+00,	4.9975088157e+02,	5.0024911837e+02,	-9.9647359445e-03
7.0600000000e-02,	7.4192054579e-04,	2.5001043119e+00,	4.9975155444e+02,	5.0024844550e+02,	-9.9378210981e-03
7.0700000000e-02,	7.4092810484e-04,	2.5001043860e+00,	4.9975222457e+02,	5.0024777537e+02,	-9.9110161335e-03
7.0800000000e-02,	7.3993833892e-04,	2.5001044601e+00,	4.9975289196e+02,	5.0024710798e+02,	-9.8843204481e-03
7.0900000000e-02,	7.3895123713e-04,	2.5001045340e+00,	4.9975355663e+02,	5.0024644331e+02,	-9.8577334431e-03
7.1000000000e-02,	7.3796678863e-04,	2.5001046079e+00,	4.9975421861e+02,	5.0024578133e+02,	-9.8312545241e-03
7.1100000000e-02,	7.3698498264e-04,	2.5001046816e+00,	4.9975487789e+02,	5.0024512205e+02,	-9.8048831008e-03
7.1200000000e-02,	7.3600580844e-04,	2.5001047552e+00,	4.9975553451e+02,	5.0024446544e+02,	-9.7786185867e-03
7.1300000000e-02,	7.3502925538e-04,	2.5001048288e+00,	4.9975618846e+02,	5.0024381148e+02,	-9.7524603996e-03
7.1400000000e-02,	7.3405531284e-04,	2.5001049023e+00,	4.9975683977e+02,	5.0024316017e+02,	-9.7264079611e-03
7.1500000000e-02,	7.3308397028e-04,	2.5001049756e+00,	4.9975748845e+02,	5.0024251149e+02,	-9.7004606969e-03
7.1600000000e-02,	7.3211521721e-04,	2.5001050489e+00,	4.9975813452e+02,	5.0024186542e+02,	-9.6746180367e-03
7.1700000000e-02,	7.3114904321e-04,	2.5001051220e+00,	4.9975877799e+02,	5.0024122196e+02,	-9.6488794138e-03
7.1800000000e-02,	7.3018543788e-04,	2.5001051951e+00,	4.9975941886e+02,	5.0024058108e+02,	-9.6232442657e-03
7.1900000000e-02,	7.2922439092e-04,	2.5001052681e+00,	4.9976005717e+02,	5.0023994277e+02,	-9.5977120334e-03
7.2000000000e-02,	7.2826589206e-04,	2.5001053409e+00,	4.9976069292e+02,	5.0023930703e+02,	-9.5722821620e-03
7.2100000000e-02,	7.2730993110e-04,	2.5001054137e+00,	4.9976132612e+02,	5.0023867382e+02,	-9.5469541003e-03
7.2200000000e-02,	7.2635649787e-04,	2.5001054864e+00,	4.9976195679e+02,	5.0023804315e+02,	-9.5217273006e-03
7.2300000000e-02,	7.2540558228e-04,	2.5001055590e+00,	4.9976258494e+02,	5.0023741500e+02,	-9.4966012193e-03
7.2400000000e-02,	7.2445717428e-04,	2.5001056315e+00,	4.9976321059e+02,	5.0023678935e+02,	-9.4715753162e-03
7.2500000000e-02,	7.2351126389e-04,	2.5001057039e+00,	4.9976383375e+02,	5.0023616620e+02,	-9.4466490547e-03
7.2600000000e-02,	7.2256784117e-04,	2.5001057762e+00,	4.9976445442e+02,	5.0023554552e+02,	-9.4218219021e-03
7.2700000000e-02,	7.2162689623e-04,	2.5001058484e+00,	4.9976507264e+02,	5.0023492731e+02,	-9.3970933291e-03
7.2800000000e-02,	7.2068841924e-04,	2.5001059205e+00,	4.9976568840e+02,	5.0023431154e+02,	-9.3724628099e-03
7.2900000000e-02,	7.1975240041e-04,	2.5001059925e+00,	4.9976630173e+02,	5.0023369822e+02,	-9.3479298225e-03
7.3000000000e-02,	7.1881883004e-04,	2.5001060645e+00,	4.9976691263e+02,	5.0023308732e+02,	-9.3234938480e-03
7.3100000000e-02,	7.1788769843e-04,	2.5001061363e+00,	4.9976752111e+02,	5.0023247883e+02,	-9.2991543713e-03
7.3200000000e-02,	7.1695899596e-04,	2.5001062080e+00,	4.9976812720e+02,	5.0023187275e+02,	-9.2749108806e-03
7.3300000000e-02,	7.1603271307e-04,	2.5001062797e+00,	4.9976873090e+02,	5.0023126904e+02,	-9.2507628677e-03
7.3400000000e-02,	7.1510884022e-04,	2.5001063513e+00,	4.9976933223e+02,	5.0023066772e+02,	-9.2267098274e-03
7.3500000000e-02,	7.1418736796e-04,	2.5001064227e+00,	4.9976993119e+02,	5.0023006875e+02,	-9.2027512583e-03
7.3600000000e-02,	7.1326828684e-04,	2.5001064941e+00,	4.9977052781e+02,	5.0022947214e+02,	-9.1788866620e-03
7.3700000000e-02,	7.1235158751e-04,	2.5001065654e+00,	4.9977112209e+02,	5.0022887786e+02,	-9.1551155437e-03
7.3800000000e-02,	7.1143726063e-04,	2.5001066366e+00,	4.9977171404e+02,	5.0022828591e+02,	-9.1314374117e-03
7.3900000000e-02,	7.1052529694e-04,	2.5001067077e+00,	4.9977230368e+02,	5.0022769627e+02,	-9.1078517775e-03
7.4000000000e-02,	7.0961568721e-04,	2.5001067787e+00,	4.9977289102e+02,	5.0022710893e+02,	-9.0843581560e-03
7.4100000000e-02,	7.0870842226e-04,	2.5001068496e+00,	4.9977347607e+02,	5.0022652388e+02,	-9.0609560651e-03
7.4200000000e-02,	7.0780349296e-04,	2.5001069204e+00,	4.9977405885e+02,	5.0022594110e+02,	-9.0376450262e-03
7.4300000000e-02,	7.0690089023e-04,	2.5001069911e+00,	4.9977463936e+02,	5.0022536059e+02,	-9.0144245635e-03
7.4400000000e-02,	7.0600060505e-04,	2.5001070618e+00,	4.9977521762e+02,	5.0022478233e+02,	-8.9912942045e-03
7.4500000000e-02,	7.0510262841e-04,	2.5001071323e+00,	4.9977579364e+02,	5.0022420631e+02,	-8.9682534799e-03
7.4600000000e-02,	7.0420695138e-04,	2.5001072028e+00,	4.9977636743e+02,	5.0022363252e+02,	-8.9453019232e-03
7.4700000000e-02,	7.0331356506e-04,	2.5001072732e+00,	4.9977693900e+02,	5.0022306095e+02,	-8.9224390713e-03
7.4800000000e-02,	7.0242246062e-04,	2.5001073435e+00,	4.9977750836e+02,	5.0022249159e+02,	-8.8996644637e-03
7.4900000000e-02,	7.0153362925e-04,	2.5001074137e+00,	4.9977807553e+02,	5.0022192442e+02,	-8.8769776434e-03
7.5000000000e-02,	7.0064706218e-04,	2.5001074838e+00,	4.9977864052e+02,	5.0022135943e+02,	-8.8543781560e-03
7.5100000000e-02,	6.9976275072e-04,	2.5001075538e+00,	4.9977920334e+02,	5.0022079661e+02,	-8.8318655502e-03
7.5200000000e-02,	6.9888068619e-04,	2.5001076237e+00,	4.9977976399e+02,	5.0022023596e+02,	-8.8094393777e-03
7.5300000000e-02,	6.9800085998e-04,	2.5001076936e+00,	4.9978032250e+02,	5.0021967746e+02,	-8.7870991929e-03
7.5400000000e-02,	6.9712326350e-04,	2.5001077633e+00,	4.9978087886e+02,	5.0021912109e+02,	-8.7648445534e-03
7.5500000000e-02,	6.9624788823e-04,	2.5001078330e+00,	4.9978143310e+02,	5.0021856685e+02,	-8.7426750194e-03
7.5600000000e-02,	6.9537472567e-04,	2.5001079026e+00,	4.9978198522e+02,	5.0021801473e+02,	-8.7205901540e-03
7.5700000000e-02,	6.9450376739e-04,	2.5001079721e+00,	4.9978253524e+02,	5.0021746471e+02,	-8.6985895233e-03
7.5800000000e-02,	6.9363500498e-04,	2.5001080415e+00,	4.9978308316e+02,	5.0021691679e+02,	-8.6766726960e-03
7.5900000000e-02,	6.9276843007e-04,	2.5001081108e+00,	4.9978362900e+02,	5.0021637096e+02,	-8.6548392436e-03
7.6000000000e-02,	6.9190403436e-04,	2.5001081800e+00,	4.9978417276e+02,	5.0021582719e+02,	-8.6330887404e-03
7.6100000000e-02,	6.9104180957e-04,	2.5001082492e+00,	4.9978471446e+02,	5.0021528550e+02,	-8.6114207634e-03
7.6200000000e-02,	6.9018174747e-04,	2.5001083182e+00,	4.9978525410e+02,	5.0021474585e+02,	-8.5898348925e-03
7.6300000000e-02,	6.8932383987e-04,	2.5001083872e+00,	4.9978579171e+02,	5.0021420824e+02,	-8.5683307101e-03
7.6400000000e-02,	6.8846807862e-04,	2.5001084561e+00,	4.9978632728e+02,	5.0021367267e+02,	-8.5469078011e-03
7.6500000000e-02,	6.8761445562e-04,	2.5001085249e+00,	4.9978686083e+02,	5.0021313912e+02,	-8.5255657536e-03
7.6600000000e-02,	6.8676296279e-04,	2.5001085936e+00,	4.9978739237e+02,	5.0021260758e+02,	-8.5043041577e-03
7.6700000000e-02,	6.8591359212e-04,	2.5001086623e+00,	4.9978792191e+02,	5.0021207804e+02,	-8.4831226066e-03
7.6800000000e-02,	6.8506633561e-04,	2.5001087308e+00,	4.9978844946e+02,	5.0021155049e+02,	-8.4620206957e-03
7.6900000000e-02,	6.8422118534e-04,	2.5001087993e+00,	4.9978897503e+02,	5.0021102493e+02,	-8.4409980234e-03
7.7000000000e-02,	6.8337813338e-04,	2.5001088677e+00,	4.9978949862e+02,	5.0021050133e+02,	-8.4200541903e-03
7.7100000000e-02,	6.8253717188e-04,	2.5001089360e+00,	4.9979002026e+02,	5.0020997970e+02,	-8.3991887996e-03
7.7200000000e-02,	6.8169829302e-04,	2.5001090042e+00,	4.9979053994e+02,	5.0020946001e+02,	-8.3784014571e-03
7.7300000000e-02,	6.8086148900e-04,	2.5001090723e+00,	4.9979105768e+02,	5.0020894227e+02,	-8.3576917712e-03
7.7400000000e-02,	6.8002675209e-04,	2.5001091403e+00,	4.9979157349e+02,	5.0020842646e+02,	-8.3370593524e-03
7.7500000000e-02,	6.7919407457e-04,	2.5001092083e+00,	4.9979208738e+02,	5.0020791257e+02,	-8.3165038140e-03
7.7600000000e-02,	6.7836344878e-04,	2.5001092762e+00,	4.9979259936e+02,	5.0020740060e+02,	-8.2960247716e-03
7.7700000000e-02,	6.7753486708e-04,	2.5001093440e+00,	4.9979310943e+02,	5.0020689052e+02,	-8.2756218432e-03
7.7800000000e-02,	6.7670832188e-04,	2.5001094117e+00,	4.9979361761e+02,	5.0020638234e+02,	-8.2552946493e-03
7.7900000000e-02,	6.7588380564e-04,	2.5001094793e+00,	4.9979412391e+02,	5.0020587605e+02,	-8.2350428126e-03
7.8000000000e-02,	6.7506131082e-04,	2.5001095469e+00,	4.9979462833e+02,	5.0020537163e+02,	-8.2148659585e-03
7.8100000000e-02,	6.7424082996e-04,	2.5001096143e+00,	4.9979513089e+02,	5.0020486907e+02,	-8.1947637143e-03
7.8200000000e-02,	6.7342235560e-04,	2.5001096817e+00,	4.9979563159e+02,	5.0020436837e+02,	-8.1747357100e-03
7.8300000000e-02,	6.7260588035e-04,	2.5001097490e+00,	4.9979613044e+02,	5.0020386952e+02,	-8.1547815777e-03
7.8400000000e-02,	6.7179139684e-04,	2.5001098162e+00,	4.9979662745e+02,	5.0020337250e+02,	-8.1349009518e-03
7.8500000000e-02,	6.7097889773e-04,	2.5001098834e+00,	4.9979712264e+02,	5.0020287732e+02,	-8.1150934692e-03
7.8600000000e-02,	6.7016837572e-04,	2.5001099504e+00,	4.9979761601e+02,	5.0020238395e+02,	-8.0953587687e-03
7.8700000000e-02,	6.6935982356e-04,	2.5001100174e+00,	4.9979810757e+02,	5.0020189239e+02,	-8.0756964916e-03
7.8800000000e-02,	6.6855323402e-04,	2.5001100843e+00,	4.9979859732e+02,	5.0020140264e+02,	-8.0561062813e-03
7.8900000000e-02,	6.6774859991e-04,	2.5001101511e+00,	4.9979908528e+02,	5.0020091467e+02,	-8.0365877836e-03
7.9000000000e-02,	6.6694591408e-04,	2.5001102178e+00,	4.9979957146e+02,	5.0020042850e+02,	-8.0171406463e-03
7.9100000000e-02,	6.6614516941e-04,	2.5001102845e+00,	4.9980005587e+02,	5.0019994409e+02,	-7.9977645194e-03
7.9200000000e-02,	6.6534635882e-04,	2.5001103511e+00,	4.9980053850e+02,	5.0019946146e+02,	-7.9784590550e-03
7.9300000000e-02,	6.6454947526e-04,	2.5001104176e+00,	4.9980101938e+02,	5.0019898058e+02,	-7.9592239076e-03
7.9400000000e-02,	6.6375451171e-04,	2.5001104840e+00,	4.9980149851e+02,	5.0019850145e+02,	-7.9400587335e-03
7.9500000000e-02,	6.6296146119e-04,	2.5001105503e+00,	4.9980197590e+02,	5.0019802406e+02,	-7.9209631913e-03
7.9600000000e-02,	6.6217031676e-04,	2.5001106166e+00,	4.9980245156e+02,	5.0019754840e+02,	-7.9019369418e-03
7.9700000000e-02,	6.6138107150e-04,	2.5001106828e+00,	4.9980292549e+02,	5.0019707447e+02,	-7.8829796476e-03
7.9800000000e-02,	6.6059371854e-04,	2.5001107489e+00,	4.9980339771e+02,	5.0019660225e+02,	-7.8640909735e-03
7.9900000000e-02,	6.5980825103e-04,	2.5001108149e+00,	4.9980386822e+02,	5.0019613174e+02,	-7.8452705864e-03
8.0000000000e-02,	6.5902466216e-04,	2.5001108808e+00,	4.9980433703e+02,	5.0019566293e+02,	-7.8265181552e-03
8.0100000000e-02,	6.5824294515e-04,	2.5001109467e+00,	4.9980480415e+02,	5.0019519581e+02,	-7.8078333507e-03
8.0200000000e-02,	6.5746309325e-04,	2.5001110125e+00,	4.9980526958e+02,	5.0019473038e+02,	-7.7892158460e-03
8.0300000000e-02,	6.5668509975e-04,	2.5001110782e+00,	4.9980573335e+02,	5.0019426661e+02,	-7.7706653159e-03
8.0400000000e-02,	6.5590895796e-04,	2.5001111438e+00,	4.9980619544e+02,	5.0019380452e+02,	-7.7521814372e-03
8.0500000000e-02,	6.5513466125e-04,	2.5001112094e+00,	4.9980665588e+02,	5.0019334408e+02,	-7.7337638888e-03
8.0600000000e-02,	6.5436220299e-04,	2.5001112748e+00,	4.9980711467e+02,	5.0019288529e+02,	-7.7154123515e-03
8.0700000000e-02,	6.5359157659e-04,	2.5001113402e+00,	4.9980757182e+02,	5.0019242814e+02,	-7.6971265080e-03
8.0800000000e-02,	6.5282277550e-04,	2.5001114055e+00,	4.9980802733e+02,	5.0019197263e+02,	-7.6789060430e-03
8.0900000000e-02,	6.5205579321e-04,	2.5001114708e+00,	4.9980848121e+02,	5.0019151875e+02,	-7.6607506429e-03
8.1000000000e-02,	6.5129062322e-04,	2.5001115360e+00,	4.9980893348e+02,	5.0019106648e+02,	-7.6426599961e-03
8.1100000000e-02,	6.5052725906e-04,	2.5001116011e+00,	4.9980938414e+02,	5.0019061583e+02,	-7.6246337931e-03
8.1200000000e-02,	6.4976569432e-04,	2.5001116661e+00,	4.9980983319e+02,	5.0019016677e+02,	-7.6066717259e-03
8.1300000000e-02,	6.4900592259e-04,	2.5001117310e+00,	4.9981028064e+02,	5.0018971932e+02,	-7.5887734885e-03
8.1400000000e-02,	6.4824793751e-04,	2.5001117959e+00,	4.9981072651e+02,	5.0018927345e+02,	-7.5709387768e-03
8.1500000000e-02,	6.4749173273e-04,	2.5001118607e+00,	4.9981117080e+02,	5.0018882916e+02,	-7.5531672885e-03
8.1600000000e-02,	6.4673730195e-04,	2.5001119254e+00,	4.9981161351e+02,	5.0018838645e+02,	-7.5354587231e-03
8.1700000000e-02,	6.4598463890e-04,	2.5001119900e+00,	4.9981205466e+02,	5.0018794530e+02,	-7.5178127817e-03
8.1800000000e-02,	6.4523373732e-04,	2.5001120546e+00,	4.9981249425e+02,	5.0018750571e+02,	-7.5002291675e-03
8.1900000000e-02,	6.4448459099e-04,	2.5001121190e+00,	4.9981293229e+02,	5.0018706767e+02,	-7.4827075853e-03
8.2000000000e-02,	6.4373719374e-04,	2.5001121835e+00,	4.9981336879e+02,	5.0018663118e+02,	-7.4652477416e-03
8.2100000000e-02,	6.4299153940e-04,	2.5001122478e+00,	4.9981380375e+02,	5.0018619622e+02,	-7.4478493449e-03
8.2200000000e-02,	6.4224762183e-04,	2.5001123121e+00,	4.9981423718e+02,	5.0018576278e+02,	-7.4305121051e-03
8.2300000000e-02,	6.4150543495e-04,	2.5001123762e+00,	4.9981466909e+02,	5.0018533088e+02,	-7.4132357340e-03
8.2400000000e-02,	6.4076497267e-04,	2.5001124404e+00,	4.9981509948e+02,	5.0018490048e+02,	-7.3960199452e-03
8.2500000000e-02,	6.4002622895e-04,	2.5001125044e+00,	4.9981552837e+02,	5.0018447159e+02,	-7.3788644537e-03
8.2600000000e-02,	6.3928919778e-04,	2.5001125684e+00,	4.9981595576e+02,	5.0018404421e+02,	-7.3617689765e-03
8.2700000000e-02,	6.3855387316e-04,	2.5001126323e+00,	4.9981638165e+02,	5.0018361831e+02,	-7.3447332321e-03
8.2800000000e-02,	6.3782024915e-04,	2.5001126961e+00,	4.9981680606e+02,	5.0018319391e+02,	-7.3277569407e-03
8.2900000000e-02,	6.3708831980e-04,	2.5001127598e+00,	4.9981722899e+02,	5.0018277098e+02,	-7.3108398242e-03
8.3000000000e-02,	6.3635807922e-04,	2.5001128235e+00,	4.9981765044e+02,	5.0018234952e+02,	-7.2939816059e-03
8.3100000000e-02,	6.3562952153e-04,	2.5001128871e+00,	4.9981807043e+02,	5.0018192953e+02,	-7.2771820111e-03
8.3200000000e-02,	6.3490264087e-04,	2.5001129506e+00,	4.9981848896e+02,	5.0018151100e+02,	-7.2604407664e-03
8.3300000000e-02,	6.3417743144e-04,	2.5001130141e+00,	4.9981890604e+02,	5.0018109392e+02,	-7.2437576001e-03
8.3400000000e-02,	6.3345388743e-04,	2.5001130775e+00,	4.9981932168e+02,	5.0018067829e+02,	-7.2271322422e-03
8.3500000000e-02,	6.3273200307e-04,	2.5001131408e+00,	4.9981973587e+02,	5.0018026409e+02,	-7.2105644241e-03
8.3600000000e-02,	6.3201177263e-04,	2.5001132040e+00,	4.9982014864e+02,	5.0017985133e+02,	-7.1940538789e-03
8.3700000000e-02,	6.3129319040e-04,	2.5001132672e+00,	4.9982055997e+02,	5.0017943999e+02,	-7.1776003412e-03
8.3800000000e-02,	6.3057625067e-04,	2.5001133303e+00,	4.9982096989e+02,	5.0017903007e+02,	-7.1612035472e-03
8.3900000000e-02,	6.2986094780e-04,	2.5001133933e+00,	4.9982137840e+02,	5.0017862156e+02,	-7.1448632344e-03
8.4000000000e-02,	6.2914727615e-04,	2.5001134562e+00,	4.9982178550e+02,	5.0017821446e+02,	-7.1285791423e-03
8.4100000000e-02,	6.2843523011e-04,	2.5001135191e+00,	4.9982219121e+02,	5.0017780876e+02,	-7.1123510114e-03
8.4200000000e-02,	6.2772480409e-04,	2.5001135819e+00,	4.9982259552e+02,	5.0017740445e+02,	-7.0961785840e-03
8.4300000000e-02,	6.2701599254e-04,	2.5001136447e+00,	4.9982299844e+02,	5.0017700152e+02,	-7.0800616038e-03
8.4400000000e-02,	6.2630878993e-04,	2.5001137073e+00,	4.9982339999e+02,	5.0017659998e+02,	-7.0639998160e-03
8.4500000000e-02,	6.2560319075e-04,	2.5001137699e+00,	4.9982380016e+02,	5.0017619981e+02,	-7.0479929673e-03
8.4600000000e-02,	6.2489918952e-04,	2.5001138324e+00,	4.9982419896e+02,	5.0017580100e+02,	-7.0320408059e-03
8.4700000000e-02,	6.2419678077e-04,	2.5001138949e+00,	4.9982459641e+02,	5.0017540356e+02,	-7.0161430813e-03
8.4800000000e-02,	6.2349595909e-04,	2.5001139573e+00,	4.9982499250e+02,	5.0017500747e+02,	-7.0002995444e-03
8.4900000000e-02,	6.2279671907e-04,	2.5001140196e+00,	4.9982538724e+02,	5.0017461273e+02,	-6.9845099479e-03
8.5000000000e-02,	6.2209905531e-04,	2.5001140818e+00,	4.9982578063e+02,	5.0017421933e+02,	-6.9687740456e-03
8.5100000000e-02,	6.2140296248e-04,	2.5001141440e+00,	4.9982617269e+02,	5.0017382727e+02,	-6.9530915928e-03
8.5200000000e-02,	6.2070843522e-04,	2.5001142061e+00,	4.9982656343e+02,	5.0017343654e+02,	-6.9374623461e-03
8.5300000000e-02,	6.2001546824e-04,	2.5001142682e+00,	4.9982695283e+02,	5.0017304714e+02,	-6.9218860636e-03
8.5400000000e-02,	6.1932405625e-04,	2.5001143301e+00,	4.9982734092e+02,	5.0017265905e+02,	-6.9063625048e-03
8.5500000000e-02,	6.1863419399e-04,	2.5001143920e+00,	4.9982772770e+02,	5.0017227227e+02,	-6.8908914305e-03
8.5600000000e-02,	6.1794587622e-04,	2.5001144539e+00,	4.9982811317e+02,	5.0017188680e+02,	-6.8754726030e-03
8.5700000000e-02,	6.1725909774e-04,	2.5001145156e+00,	4.9982849734e+02,	5.0017150263e+02,	-6.8601057858e-03
8.5800000000e-02,	6.1657385334e-04,	2.5001145773e+00,	4.9982888022e+02,	5.0017111975e+02,	-6.8447907437e-03
8.5900000000e-02,	6.1589013787e-04,	2.5001146389e+00,	4.9982926180e+02,	5.0017073817e+02,	-6.8295272431e-03
8.6000000000e-02,	6.1520794618e-04,	2.5001147005e+00,	4.9982964211e+02,	5.0017035786e+02,	-6.8143150514e-03
8.6100000000e-02,	6.1452727316e-04,	2.5001147620e+00,	4.9983002114e+02,	5.0016997883e+02,	-6.7991539376e-03
8.6200000000e-02,	6.1384811370e-04,	2.5001148234e+00,	4.9983039889e+02,	5.0016960108e+02,	-6.7840436719e-03
8.6300000000e-02,	6.1317046274e-04,	2.5001148847e+00,	4.9983077538e+02,	5.0016922459e+02,	-6.7689840256e-03
8.6400000000e-02,	6.1249431521e-04,	2.5001149460e+00,	4.9983115062e+02,	5.0016884935e+02,	-6.7539747716e-03
8.6500000000e-02,	6.1181966611e-04,	2.5001150072e+00,	4.9983152459e+02,	5.0016847538e+02,	-6.7390156840e-03
8.6600000000e-02,	6.1114651041e-04,	2.5001150684e+00,	4.9983189732e+02,	5.0016810265e+02,	-6.7241065380e-03
8.6700000000e-02,	6.1047484314e-04,	2.5001151295e+00,	4.9983226881e+02,	5.0016773116e+02,	-6.7092471103e-03
8.6800000000e-02,	6.0980465934e-04,	2.5001151905e+00,	4.9983263906e+02,	5.0016736091e+02,	-6.6944371788e-03
8.6900000000e-02,	6.0913595407e-04,	2.5001152514e+00,	4.9983300807e+02,	5.0016699190e+02,	-6.6796765224e-03
8.7000000000e-02,	6.0846872240e-04,	2.5001153123e+00,	4.9983337586e+02,	5.0016662411e+02,	-6.6649649215e-03
8.7100000000e-02,	6.0780295945e-04,	2.5001153731e+00,	4.9983374243e+02,	5.0016625754e+02,	-6.6503021578e-03
8.7200000000e-02,	6.0713866035e-04,	2.5001154339e+00,	4.9983410778e+02,	5.0016589219e+02,	-6.6356880139e-03
8.7300000000e-02,	6.0647582024e-04,	2.5001154945e+00,	4.9983447193e+02,	5.0016552804e+02,	-6.6211222739e-03
8.7400000000e-02,	6.0581443429e-04,	2.5001155552e+00,	4.9983483487e+02,	5.0016516510e+02,	-6.6066047230e-03
8.7500000000e-02,	6.0515449769e-04,	2.5001156157e+00,	4.9983519661e+02,	5.0016480336e+02,	-6.5921351475e-03
8.7600000000e-02,	6.0449600567e-04,	2.5001156762e+00,	4.9983555715e+02,	5.0016444282e+02,	-6.5777133352e-03
8.7700000000e-02,	6.0383895344e-04,	2.5001157366e+00,	4.9983591651e+02,	5.0016408346e+02,	-6.5633390746e-03
8.7800000000e-02,	6.0318333627e-04,	2.5001157970e+00,	4.9983627468e+02,	5.0016372529e+02,	-6.5490121559e-03
8.7900000000e-02,	6.0252914944e-04,	2.5001158572e+00,	4.9983663168e+02,	5.0016336829e+02,	-6.5347323700e-03
8.8000000000e-02,	6.0187638824e-04,	2.5001159175e+00,	4.9983698750e+02,	5.0016301247e+02,	-6.5204995094e-03
8.8100000000e-02,	6.0122504798e-04,	2.5001159776e+00,	4.9983734215e+02,	5.0016265782e+02,	-6.5063133672e-03
8.8200000000e-02,	6.0057512401e-04,	2.5001160377e+00,	4.9983769564e+02,	5.0016230433e+02,	-6.4921737383e-03
8.8300000000e-02,	5.9992661169e-04,	2.5001160977e+00,	4.9983804798e+02,	5.0016195200e+02,	-6.4780804181e-03
8.8400000000e-02,	5.9927950639e-04,	2.5001161577e+00,	4.9983839916e+02,	5.0016160082e+02,	-6.4640332037e-03
8.8500000000e-02,	5.9863380352e-04,	2.5001162176e+00,	4.9983874919e+02,	5.0016125078e+02,	-6.4500318928e-03
8.8600000000e-02,	5.9798949849e-04,	2.5001162774e+00,	4.9983909808e+02,	5.0016090189e+02,	-6.4360762845e-03
8.8700000000e-02,	5.9734658674e-04,	2.5001163372e+00,	4.9983944583e+02,	5.0016055414e+02,	-6.4221661791e-03
8.8800000000e-02,	5.9670506374e-04,	2.5001163969e+00,	4.9983979245e+02,	5.0016020752e+02,	-6.4083013777e-03
8.8900000000e-02,	5.9606492497e-04,	2.5001164565e+00,	4.9984013794e+02,	5.0015986203e+02,	-6.3944816827e-03
8.9000000000e-02,	5.9542616591e-04,	2.5001165161e+00,	4.9984048231e+02,	5.0015951766e+02,	-6.3807068976e-03
8.9100000000e-02,	5.9478878210e-04,	2.5001165756e+00,	4.9984082557e+02,	5.0015917441e+02,	-6.3669768268e-03
8.9200000000e-02,	5.9415276906e-04,	2.5001166351e+00,	4.9984116770e+02,	5.0015883227e+02,	-6.3532912759e-03
8.9300000000e-02,	5.9351812236e-04,	2.5001166944e+00,	4.9984150874e+02,	5.0015849124e+02,	-6.3396500516e-03
8.9400000000e-02,	5.9288483758e-04,	2.5001167538e+00,	4.9984184866e+02,	5.0015815131e+02,	-6.3260529615e-03
8.9500000000e-02,	5.9225291031e-04,	2.5001168130e+00,	4.9984218749e+02,	5.0015781248e+02,	-6.3124998144e-03
8.9600000000e-02,	5.9162233616e-04,	2.5001168722e+00,	4.9984252523e+02,	5.0015747475e+02,	-6.2989904200e-03
8.9700000000e-02,	5.9099311077e-04,	2.5001169314e+00,	4.9984286187e+02,	5.0015713810e+02,	-6.2855245892e-03
8.9800000000e-02,	5.9036522979e-04,	2.5001169904e+00,	4.9984319743e+02,	5.0015680254e+02,	-6.2721021338e-03
8.9900000000e-02,	5.8973868890e-04,	2.5001170494e+00,	4.9984353191e+02,	5.0015646806e+02,	-6.2587228667e-03
9.0000000000e-02,	5.8911348379e-04,	2.5001171084e+00,	4.9984386532e+02,	5.0015613465e+02,	-6.2453866017e-03
9.0100000000e-02,	5.8848961016e-04,	2.5001171672e+00,	4.9984419766e+02,	5.0015580232e+02,	-6.2320931537e-03
9.0200000000e-02,	5.8786706374e-04,	2.5001172261e+00,	4.9984452893e+02,	5.0015547105e+02,	-6.2188423386e-03
9.0300000000e-02,	5.8724584027e-04,	2.5001172848e+00,	4.9984485914e+02,	5.0015514084e+02,	-6.2056339733e-03
9.0400000000e-02,	5.8662593553e-04,	2.5001173435e+00,	4.9984518829e+02,	5.0015481168e+02,	-6.1924678757e-03
9.0500000000e-02,	5.8600734529e-04,	2.5001174021e+00,	4.9984551639e+02,	5.0015448358e+02,	-6.1793438645e-03
9.0600000000e-02,	5.8539006536e-04,	2.5001174607e+00,	4.9984584344e+02,	5.0015415653e+02,	-6.1662617596e-03
9.0700000000e-02,	5.8477409155e-04,	2.5001175192e+00,	4.9984616945e+02,	5.0015383052e+02,	-6.1532213819e-03
9.0800000000e-02,	5.8415941970e-04,	2.5001175777e+00,	4.9984649442e+02,	5.0015350555e+02,	-6.1402225530e-03
9.0900000000e-02,	5.8354604566e-04,	2.5001176361e+00,	4.9984681836e+02,	5.0015318161e+02,	-6.1272650956e-03
9.1000000000e-02,	5.8293396531e-04,	2.5001176944e+00,	4.9984714127e+02,	5.0015285871e+02,	-6.1143488334e-03
9.1100000000e-02,	5.8232317453e-04,	2.5001177526e+00,	4.9984746315e+02,	5.0015253683e+02,	-6.1014735911e-03
9.1200000000e-02,	5.8171366923e-04,	2.5001178108e+00,	4.9984778401e+02,	5.0015221597e+02,	-6.0886391941e-03
9.1300000000e-02,	5.8110544533e-04,	2.5001178690e+00,	4.9984810385e+02,	5.0015189612e+02,	-6.0758454689e-03
9.1400000000e-02,	5.8049849878e-04,	2.5001179271e+00,	4.9984842268e+02,	5.0015157729e+02,	-6.0630922429e-03
9.1500000000e-02,	5.7989282554e-04,	2.5001179851e+00,	4.9984874050e+02,	5.0015125947e+02,	-6.0503793445e-03
9.1600000000e-02,	5.7928842158e-04,	2.5001180430e+00,	4.9984905732e+02,	5.0015094265e+02,	-6.0377066028e-03
9.1700000000e-02,	5.7868528289e-04,	2.5001181009e+00,	4.9984937314e+02,	5.0015062683e+02,	-6.0250738480e-03
9.1800000000e-02,	5.7808340548e-04,	2.5001181588e+00,	4.9984968796e+02,	5.0015031201e+02,	-6.0124809111e-03
9.1900000000e-02,	5.7748278538e-04,	2.5001182166e+00,	4.9985000180e+02,	5.0014999818e+02,	-5.9999276242e-03
9.2000000000e-02,	5.7688341864e-04,	2.5001182743e+00,	4.9985031464e+02,	5.0014968533e+02,	-5.9874138199e-03
9.2100000000e-02,	5.7628530131e-04,	2.5001183319e+00,	4.9985062650e+02,	5.0014937347e+02,	-5.9749393320e-03
9.2200000000e-02,	5.7568842947e-04,	2.5001183895e+00,	4.9985093739e+02,	5.0014906259e+02,	-5.9625039951e-03
9.2300000000e-02,	5.7509279921e-04,	2.5001184471e+00,	4.9985124730e+02,	5.0014875268e+02,	-5.9501076446e-03
9.2400000000e-02,	5.7449840665e-04,	2.5001185046e+00,	4.9985155623e+02,	5.0014844374e+02,	-5.9377501170e-03
9.2500000000e-02,	5.7390524790e-04,	2.5001185620e+00,	4.9985186421e+02,	5.0014813577e+02,	-5.9254312493e-03
9.2600000000e-02,	5.7331331911e-04,	2.5001186193e+00,	4.9985217122e+02,	5.0014782876e+02,	-5.9131508797e-03
9.2700000000e-02,	5.7272261644e-04,	2.5001186766e+00,	4.9985247727e+02,	5.0014752271e+02,	-5.9009088470e-03
9.2800000000e-02,	5.7213313607e-04,	2.5001187339e+00,	4.9985278236e+02,	5.0014721761e+02,	-5.8887049910e-03
9.2900000000e-02,	5.7154487418e-04,	2.5001187911e+00,	4.9985308651e+02,	5.0014691347e+02,	-5.8765391523e-03
9.3000000000e-02,	5.7095782698e-04,	2.5001188482e+00,	4.9985338971e+02,	5.0014661027e+02,	-5.8644111723e-03
9.3100000000e-02,	5.7037199069e-04,	2.5001189053e+00,	4.9985369197e+02,	5.0014630801e+02,	-5.8523208932e-03
9.3200000000e-02,	5.6978736155e-04,	2.5001189623e+00,	4.9985399328e+02,	5.0014600669e+02,	-5.8402681582e-03
9.3300000000e-02,	5.6920393581e-04,	2.5001190192e+00,	4.9985429367e+02,	5.0014570631e+02,	-5.8282528111e-03
9.3400000000e-02,	5.6862170974e-04,	2.5001190761e+00,	4.9985459312e+02,	5.0014540686e+02,	-5.8162746967e-03
9.3500000000e-02,	5.6804067963e-04,	2.5001191329e+00,	4.9985489165e+02,	5.0014510833e+02,	-5.8043336604e-03
9.3600000000e-02,	5.6746084178e-04,	2.5001191897e+00,	4.9985518925e+02,	5.0014481073e+02,	-5.7924295487e-03
9.3700000000e-02,	5.6688219250e-04,	2.5001192464e+00,	4.9985548593e+02,	5.0014451404e+02,	-5.7805622086e-03
9.3800000000e-02,	5.6630472812e-04,	2.5001193031e+00,	4.9985578170e+02,	5.0014421828e+02,	-5.7687314881e-03
9.3900000000e-02,	5.6572844499e-04,	2.5001193597e+00,	4.9985607656e+02,	5.0014392342e+02,	-5.7569372359e-03
9.4000000000e-02,	5.6515333946e-04,	2.5001194162e+00,	4.9985637051e+02,	5.0014362947e+02,	-5.7451793014e-03
9.4100000000e-02,	5.6457940792e-04,	2.5001194727e+00,	4.9985666355e+02,	5.0014333643e+02,	-5.7334575350e-03
9.4200000000e-02,	5.6400664675e-04,	2.5001195291e+00,	4.9985695569e+02,	5.0014304428e+02,	-5.7217717877e-03
9.4300000000e-02,	5.6343505237e-04,	2.5001195855e+00,	4.9985724694e+02,	5.0014275304e+02,	-5.7101219113e-03
9.4400000000e-02,	5.6286462118e-04,	2.5001196418e+00,	4.9985753729e+02,	5.0014246268e+02,	-5.6985077584e-03
9.4500000000e-02,	5.6229534963e-04,	2.5001196981e+00,	4.9985782676e+02,	5.0014217322e+02,	-5.6869291824e-03
9.4600000000e-02,	5.6172723416e-04,	2.5001197543e+00,	4.9985811534e+02,	5.0014188464e+02,	-5.6753860374e-03
9.4700000000e-02,	5.6116027125e-04,	2.5001198104e+00,	4.9985840303e+02,	5.0014159694e+02,	-5.6638781782e-03
9.4800000000e-02,	5.6059445736e-04,	2.5001198665e+00,	4.9985868985e+02,	5.0014131013e+02,	-5.6524054603e-03
9.4900000000e-02,	5.6002978899e-04,	2.5001199226e+00,	4.9985897580e+02,	5.0014102418e+02,	-5.6409677403e-03
9.5000000000e-02,	5.5946626265e-04,	2.5001199785e+00,	4.9985926087e+02,	5.0014073911e+02,	-5.6295648751e-03
9.5100000000e-02,	5.5890387485e-04,	2.5001200345e+00,	4.9985954507e+02,	5.0014045491e+02,	-5.6181967225e-03
9.5200000000e-02,	5.5834262215e-04,	2.5001200903e+00,	4.9985982841e+02,	5.0014017157e+02,	-5.6068631411e-03
9.5300000000e-02,	5.5778250108e-04,	2.5001201461e+00,	4.9986011089e+02,	5.0013988909e+02,	-5.5955639902e-03
9.5400000000e-02,	5.5722350821e-04,	2.5001202019e+00,	4.9986039251e+02,	5.0013960747e+02,	-5.5842991297e-03
9.5500000000e-02,	5.5666564011e-04,	2.5001202576e+00,	4.9986067328e+02,	5.0013932670e+02,	-5.5730684204e-03
9.5600000000e-02,	5.5610889339e-04,	2.5001203132e+00,	4.9986095320e+02,	5.0013904678e+02,	-5.5618717236e-03
9.5700000000e-02,	5.5555326464e-04,	2.5001203688e+00,	4.9986123227e+02,	5.0013876771e+02,	-5.5507089014e-03
9.5800000000e-02,	5.5499875049e-04,	2.5001204243e+00,	4.9986151049e+02,	5.0013848948e+02,	-5.5395798167e-03
9.5900000000e-02,	5.5444534756e-04,	2.5001204798e+00,	4.9986178788e+02,	5.0013821210e+02,	-5.5284843330e-03
9.6000000000e-02,	5.5389305250e-04,	2.5001205352e+00,	4.9986206443e+02,	5.0013793555e+02,	-5.5174223144e-03
9.6100000000e-02,	5.5334186198e-04,	2.5001205906e+00,	4.9986234015e+02,	5.0013765983e+02,	-5.5063936259e-03
9.6200000000e-02,	5.5279177267e-04,	2.5001206459e+00,	4.9986261504e+02,	5.0013738494e+02,	-5.4953981331e-03
9.6300000000e-02,	5.5224278125e-04,	2.5001207011e+00,	4.9986288910e+02,	5.0013711088e+02,	-5.4844357022e-03
9.6400000000e-02,	5.5169488443e-04,	2.5001207563e+00,	4.9986316233e+02,	5.0013683764e+02,	-5.4735062001e-03
9.6500000000e-02,	5.5114807892e-04,	2.5001208115e+00,	4.9986343475e+02,	5.0013656523e+02,	-5.4626094945e-03
9.6600000000e-02,	5.5060236145e-04,	2.5001208666e+00,	4.9986370635e+02,	5.0013629363e+02,	-5.4517454536e-03
9.6700000000e-02,	5.5005772875e-04,	2.5001209216e+00,	4.9986397714e+02,	5.0013602284e+02,	-5.4409139464e-03
9.6800000000e-02,	5.4951417758e-04,	2.5001209766e+00,	4.9986424712e+02,	5.0013575286e+02,	-5.4301148424e-03
9.6900000000e-02,	5.4897170470e-04,	2.5001210315e+00,	4.9986451629e+02,	5.0013548369e+02,	-5.4193480119e-03
9.7000000000e-02,	5.4843030690e-04,	2.5001210864e+00,	4.9986478466e+02,	5.0013521532e+02,	-5.4086133259e-03
9.7100000000e-02,	5.4788998097e-04,	2.5001211412e+00,	4.9986505222e+02,	5.0013494776e+02,	-5.3979106558e-03
9.7200000000e-02,	5.4735072371e-04,	2.5001211959e+00,	4.9986531899e+02,	5.0013468099e+02,	-5.3872398739e-03
9.7300000000e-02,	5.4681253194e-04,	2.5001212506e+00,	4.9986558497e+02,	5.0013441501e+02,	-5.3766008530e-03
9.7400000000e-02,	5.4627540248e-04,	2.5001213053e+00,	4.9986585015e+02,	5.0013414983e+02,	-5.3659934665e-03
9.7500000000e-02,	5.4573933219e-04,	2.5001213599e+00,	4.9986611455e+02,	5.0013388543e+02,	-5.3554175887e-03
9.7600000000e-02,	5.4520431792e-04,	2.5001214144e+00,	4.9986637816e+02,	5.0013362182e+02,	-5.3448730942e-03
9.7700000000e-02,	5.4467035653e-04,	2.5001214689e+00,	4.9986664099e+02,	5.0013335899e+02,	-5.3343598584e-03
9.7800000000e-02,	5.4413744491e-04,	2.5001215234e+00,	4.9986690305e+02,	5.0013309693e+02,	-5.3238777572e-03
9.7900000000e-02,	5.4360557995e-04,	2.5001215778e+00,	4.9986716432e+02,	5.0013283566e+02,	-5.3134266673e-03
9.8000000000e-02,	5.4307475855e-04,	2.5001216321e+00,	4.9986742483e+02,	5.0013257515e+02,	-5.3030064659e-03
9.8100000000e-02,	5.4254497763e-04,	2.5001216864e+00,	4.9986768456e+02,	5.0013231542e+02,	-5.2926170308e-03
9.8200000000e-02,	5.4201623412e-04,	2.5001217406e+00,	4.9986794353e+02,	5.0013205645e+02,	-5.2822582404e-03
9.8300000000e-02,	5.4148852496e-04,	2.5001217948e+00,	4.9986820174e+02,	5.0013179824e+02,	-5.2719299738e-03
9.8400000000e-02,	5.4096184711e-04,	2.5001218489e+00,	4.9986845919e+02,	5.0013154079e+02,	-5.2616321105e-03
9.8500000000e-02,	5.4043619753e-04,	2.5001219030e+00,	4.9986871588e+02,	5.0013128410e+02,	-5.2513645309e-03
9.8600000000e-02,	5.3991157320e-04,	2.5001219570e+00,	4.9986897181e+02,	5.0013102817e+02,	-5.2411271157e-03
9.8700000000e-02,	5.3938797111e-04,	2.5001220110e+00,	4.9986922700e+02,	5.0013077298e+02,	-5.2309197464e-03
9.8800000000e-02,	5.3886538825e-04,	2.5001220649e+00,	4.9986948143e+02,	5.0013051855e+02,	-5.2207423049e-03
9.8900000000e-02,	5.3834382165e-04,	2.5001221187e+00,	4.9986973512e+02,	5.0013026486e+02,	-5.2105946737e-03
9.9000000000e-02,	5.3782326833e-04,	2.5001221725e+00,	4.9986998807e+02,	5.0013001191e+02,	-5.2004767362e-03
9.9100000000e-02,	5.3730372532e-04,	2.5001222263e+00,	4.9987024028e+02,	5.0012975970e+02,	-5.1903883759e-03
9.9200000000e-02,	5.3678518967e-04,	2.5001222800e+00,	4.9987049175e+02,	5.0012950823e+02,	-5.1803294772e-03
9.9300000000e-02,	5.3626765844e-04,	2.5001223337e+00,	4.9987074249e+02,	5.0012925749e+02,	-5.1702999250e-03
9.9400000000e-02,	5.3575112871e-04,	2.5001223873e+00,	4.9987099250e+02,	5.0012900748e+02,	-5.1602996046e-03
9.9500000000e-02,	5.3523559755e-04,	2.5001224408e+00,	4.9987124178e+02,	5.0012875820e+02,	-5.1503284021e-03
9.9600000000e-02,	5.3472106206e-04,	2.5001224943e+00,	4.9987149034e+02,	5.0012850965e+02,	-5.1403862040e-03
9.9700000000e-02,	5.3420751935e-04,	2.5001225477e+00,	4.9987173817e+02,	5.0012826181e+02,	-5.1304728974e-03
9.9800000000e-02,	5.3369496653e-04,	2.5001226011e+00,	4.9987198528e+02,	5.0012801470e+02,	-5.1205883700e-03
9.9900000000e-02,	5.3318340072e-04,	2.5001226545e+00,	4.9987223168e+02,	5.0012776830e+02,	-5.1107325099e-03
1.0000000000e-01,	5.3267281907e-04,	2.5001227078e+00,	4.9987247736e+02,	5.0012752262e+02,	-5.1009052060e-03
1.0010000000e-01,	5.3216321873e-04,	2.5001227610e+00,	4.9987272233e+02,	5.0012727765e+02,	-5.0911063475e-03
1.0020000000e-01,	5.3165459686e-04,	2.5001228142e+00,	4.9987296660e+02,	5.0012703339e+02,	-5.0813358242e-03
1.0030000000e-01,	5.3114695062e-04,	2.5001228674e+00,	4.9987321015e+02,	5.0012678983e+02,	-5.0715935265e-03
1.0040000000e-01,	5.3064027722e-04,	2.5001229204e+00,	4.9987345301e+02,	5.0012654697e+02,	-5.0618793454e-03
1.0050000000e-01,	5.3013457382e-04,	2.5001229735e+00,	4.9987369516e+02,	5.0012630482e+02,	-5.0521931721e-03
1.0060000000e-01,	5.2962983765e-04,	2.5001230265e+00,	4.9987393662e+02,	5.0012606336e+02,	-5.0425348987e-03
1.0070000000e-01,	5.2912606592e-04,	2.5001230794e+00,	4.9987417738e+02,	5.0012582260e+02,	-5.0329044176e-03
1.0080000000e-01,	5.2862325584e-04,	2.5001231323e+00,	4.9987441745e+02,	5.0012558253e+02,	-5.0233016219e-03
1.0090000000e-01,	5.2812140467e-04,	2.5001231851e+00,	4.9987465683e+02,	5.0012534315e+02,	-5.0137264050e-03
1.0100000000e-01,	5.2762050965e-04,	2.5001232379e+00,	4.9987489552e+02,	5.0012510446e+02,	-5.0041786609e-03
1.0110000000e-01,	5.2712056803e-04,	2.5001232907e+00,	4.9987513353e+02,	5.0012486645e+02,	-4.9946582843e-03
1.0120000000e-01,	5.2662157708e-04,	2.5001233433e+00,	4.9987537086e+02,	5.0012462912e+02,	-4.9851651701e-03
1.0130000000e-01,	5.2612353409e-04,	2.5001233960e+00,	4.9987560751e+02,	5.0012439247e+02,	-4.9756992139e-03
1.0140000000e-01,	5.2562643634e-04,	2.5001234486e+00,	4.9987584348e+02,	5.0012415650e+02,	-4.9662603117e-03
1.0150000000e-01,	5.2513028113e-04,	2.5001235011e+00,	4.9987607878e+02,	5.0012392120e+02,	-4.9568483601e-03
1.0160000000e-01,	5.2463506577e-04,	2.5001235536e+00,	4.9987631341e+02,	5.0012368657e+02,	-4.9474632561e-03
1.0170000000e-01,	5.2414078759e-04,	2.5001236060e+00,	4.9987654737e+02,	5.0012345261e+02,	-4.9381048973e-03
1.0180000000e-01,	5.2364744390e-04,	2.5001236584e+00,	4.9987678066e+02,	5.0012321932e+02,	-4.9287731817e-03
1.0190000000e-01,	5.2315503206e-04,	2.5001237108e+00,	4.9987701329e+02,	5.0012298669e+02,	-4.9194680078e-03
1.0200000000e-01,	5.2266354942e-04,	2.5001237631e+00,	4.9987724526e+02,	5.0012275472e+02,	-4.9101892746e-03
1.0210000000e-01,	5.2217299333e-04,	2.5001238153e+00,	4.9987747657e+02,	5.0012252341e+02,	-4.9009368816e-03
1.0220000000e-01,	5.2168336117e-04,	2.5001238675e+00,	4.9987770722e+02,	5.0012229276e+02,	-4.8917107287e-03
1.0230000000e-01,	5.2119465031e-04,	2.5001239196e+00,	4.9987793722e+02,	5.0012206276e+02,	-4.8825107165e-03
1.0240000000e-01,	5.2070685816e-04,	2.5001239717e+00,	4.9987816657e+02,	5.0012183341e+02,	-4.8733367457e-03
1.0250000000e-01,	5.2021998210e-04,	2.5001240238e+00,	4.9987839527e+02,	5.0012160471e+02,	-4.8641887178e-03
1.0260000000e-01,	5.1973401955e-04,	2.5001240758e+00,	4.9987862333e+02,	5.0012137665e+02,	-4.8550665347e-03
1.0270000000e-01,	5.1924896794e-04,	2.5001241277e+00,	4.9987885074e+02,	5.0012114924e+02,	-4.8459700986e-03
1.0280000000e-01,	5.1876482468e-04,	2.5001241796e+00,	4.9987907751e+02,	5.0012092247e+02,	-4.8368993123e-03
1.0290000000e-01,	5.1828158722e-04,	2.5001242315e+00,	4.9987930364e+02,	5.0012069634e+02,	-4.8278540791e-03
1.0300000000e-01,	5.1779925301e-04,	2.5001242833e+00,	4.9987952913e+02,	5.0012047085e+02,	-4.8188343028e-03
1.0310000000e-01,	5.1731781951e-04,	2.5001243350e+00,	4.9987975399e+02,	5.0012024599e+02,	-4.8098398873e-03
1.0320000000e-01,	5.1683728419e-04,	2.5001243867e+00,	4.9987997822e+02,	5.0012002176e+02,	-4.8008707373e-03
1.0330000000e-01,	5.1635764453e-04,	2.5001244384e+00,	4.9988020182e+02,	5.0011979816e+02,	-4.7919267580e-03
1.0340000000e-01,	5.1587889801e-04,	2.5001244900e+00,	4.9988042480e+02,	5.0011957519e+02,	-4.7830078548e-03
1.0350000000e-01,	5.1540104212e-04,	2.5001245416e+00,	4.9988064714e+02,	5.0011935284e+02,	-4.7741139336e-03
1.0360000000e-01,	5.1492407439e-04,	2.5001245931e+00,	4.9988086887e+02,	5.0011913111e+02,	-4.7652449008e-03
1.0370000000e-01,	5.1444799232e-04,	2.5001246446e+00,	4.9988108998e+02,	5.0011891001e+02,	-4.7564006633e-03
1.0380000000e-01,	5.1397279343e-04,	2.5001246960e+00,	4.9988131046e+02,	5.0011868952e+02,	-4.7475811283e-03
1.0390000000e-01,	5.1349847527e-04,	2.5001247474e+00,	4.9988153034e+02,	5.0011846965e+02,	-4.7387862036e-03
1.0400000000e-01,	5.1302503538e-04,	2.5001247987e+00,	4.9988174960e+02,	5.0011825039e+02,	-4.7300157973e-03
1.0410000000e-01,	5.1255247130e-04,	2.5001248500e+00,	4.9988196825e+02,	5.0011803174e+02,	-4.7212698179e-03
1.0420000000e-01,	5.1208078060e-04,	2.5001249012e+00,	4.9988218629e+02,	5.0011781370e+02,	-4.7125481744e-03
1.0430000000e-01,	5.1160996086e-04,	2.5001249524e+00,	4.9988240372e+02,	5.0011759626e+02,	-4.7038507763e-03
1.0440000000e-01,	5.1114000964e-04,	2.5001250035e+00,	4.9988262055e+02,	5.0011737943e+02,	-4.6951775333e-03
1.0450000000e-01,	5.1067092455e-04,	2.5001250546e+00,	4.9988283678e+02,	5.0011716320e+02,	-4.6865283559e-03
1.0460000000e-01,	5.1020270317e-04,	2.5001251056e+00,	4.9988305241e+02,	5.0011694757e+02,	-4.6779031546e-03
1.0470000000e-01,	5.0973534312e-04,	2.5001251566e+00,	4.9988326745e+02,	5.0011673254e+02,	-4.6693018405e-03
1.0480000000e-01,	5.0926884201e-04,	2.5001252076e+00,	4.9988348188e+02,	5.0011651810e+02,	-4.6607243251e-03
1.0490000000e-01,	5.0880319746e-04,	2.5001252585e+00,	4.9988369573e+02,	5.0011630426e+02,	-4.6521705204e-03
1.0500000000e-01,	5.0833840712e-04,	2.5001253094e+00,	4.9988390898e+02,	5.0011609100e+02,	-4.6436403387e-03
1.0510000000e-01,	5.0787446861e-04,	2.5001253602e+00,	4.9988412165e+02,	5.0011587833e+02,	-4.6351336928e-03
1.0520000000e-01,	5.0741137960e-04,	2.5001254109e+00,	4.9988433373e+02,	5.0011566625e+02,	-4.6266504957e-03
1.0530000000e-01,	5.0694913773e-04,	2.5001254616e+00,	4.9988454523e+02,	5.0011545476e+02,	-4.6181906610e-03
1.0540000000e-01,	5.0648774069e-04,	2.5001255123e+00,	4.9988475614e+02,	5.0011524384e+02,	-4.6097541027e-03
1.0550000000e-01,	5.0602718614e-04,	2.5001255629e+00,	4.9988496647e+02,	5.0011503351e+02,	-4.6013407351e-03
1.0560000000e-01,	5.0556747177e-04,	2.5001256135e+00,	4.9988517623e+02,	5.0011482375e+02,	-4.5929504729e-03
1.0570000000e-01,	5.0510859528e-04,	2.5001256641e+00,	4.9988538541e+02,	5.0011461457e+02,	-4.5845832312e-03
1.0580000000e-01,	5.0465055436e-04,	2.5001257145e+00,	4.9988559402e+02,	5.0011440597e+02,	-4.5762389256e-03
1.0590000000e-01,	5.0419334673e-04,	2.5001257650e+00,	4.9988580206e+02,	5.0011419793e+02,	-4.5679174720e-03
1.0600000000e-01,	5.0373697011e-04,	2.5001258154e+00,	4.9988600952e+02,	5.0011399046e+02,	-4.5596187867e-03
1.0610000000e-01,	5.0328142222e-04,	2.5001258657e+00,	4.9988621642e+02,	5.0011378356e+02,	-4.5513427864e-03
1.0620000000e-01,	5.0282670080e-04,	2.5001259160e+00,	4.9988642276e+02,	5.0011357723e+02,	-4.5430893880e-03
1.0630000000e-01,	5.0237280359e-04,	2.5001259663e+00,	4.9988662853e+02,	5.0011337146e+02,	-4.5348585091e-03
1.0640000000e-01,	5.0191972835e-04,	2.5001260165e+00,	4.9988683374e+02,	5.0011316624e+02,	-4.5266500675e-03
1.0650000000e-01,	5.0146747283e-04,	2.5001260667e+00,	4.9988703839e+02,	5.0011296159e+02,	-4.5184639813e-03
1.0660000000e-01,	5.0101603481e-04,	2.5001261168e+00,	4.9988724249e+02,	5.0011275750e+02,	-4.5103001692e-03
1.0670000000e-01,	5.0056541206e-04,	2.5001261669e+00,	4.9988744603e+02,	5.0011255396e+02,	-4.5021585501e-03
1.0680000000e-01,	5.0011560236e-04,	2.5001262169e+00,	4.9988764902e+02,	5.0011235097e+02,	-4.4940390432e-03
1.0690000000e-01,	4.9966660351e-04,	2.5001262669e+00,	4.9988785145e+02,	5.0011214853e+02,	-4.4859415684e-03
1.0700000000e-01,	4.9921841332e-04,	2.5001263169e+00,	4.9988805334e+02,	5.0011194664e+02,	-4.4778660455e-03
1.0710000000e-01,	4.9877102958e-04,	2.5001263668e+00,	4.9988825468e+02,	5.0011174530e+02,	-4.4698123951e-03
1.0720000000e-01,	4.9832445011e-04,	2.5001264166e+00,	4.9988845548e+02,	5.0011154451e+02,	-4.4617805379e-03
1.0730000000e-01,	4.9787867274e-04,	2.5001264664e+00,	4.9988865573e+02,	5.0011134425e+02,	-4.4537703949e-03
1.0740000000e-01,	4.9743369531e-04,	2.5001265162e+00,	4.9988885545e+02,	5.0011114454e+02,	-4.4457818878e-03
1.0750000000e-01,	4.9698951565e-04,	2.5001265659e+00,	4.9988905462e+02,	5.0011094537e+02,	-4.4378149384e-03
1.0760000000e-01,	4.9654613161e-04,	2.5001266156e+00,	4.9988925326e+02,	5.0011074673e+02,	-4.4298694688e-03
1.0770000000e-01,	4.9610354104e-04,	2.5001266652e+00,	4.9988945136e+02,	5.0011054863e+02,	-4.4219454016e-03
1.0780000000e-01,	4.9566174182e-04,	2.5001267148e+00,	4.9988964893e+02,	5.0011035106e+02,	-4.4140426597e-03
1.0790000000e-01,	4.9522073180e-04,	2.5001267644e+00,	4.9988984596e+02,	5.0011015402e+02,	-4.4061611664e-03
1.0800000000e-01,	4.9478050888e-04,	2.5001268139e+00,	4.9989004247e+02,	5.0010995751e+02,	-4.3983008452e-03
1.0810000000e-01,	4.9434107093e-04,	2.5001268633e+00,	4.9989023845e+02,	5.0010976153e+02,	-4.3904616201e-03
1.0820000000e-01,	4.9390241585e-04,	2.5001269127e+00,	4.9989043391e+02,	5.0010956608e+02,	-4.3826434154e-03
1.0830000000e-01,	4.9346454155e-04,	2.5001269621e+00,	4.9989062884e+02,	5.0010937115e+02,	-4.3748461557e-03
1.0840000000e-01,	4.9302744593e-04,	2.5001270114e+00,	4.9989082325e+02,	5.0010917674e+02,	-4.3670697659e-03
1.0850000000e-01,	4.9259112690e-04,	2.5001270607e+00,	4.9989101714e+02,	5.0010898285e+02,	-4.3593141714e-03
1.0860000000e-01,	4.9215558240e-04,	2.5001271099e+00,	4.9989121051e+02,	5.0010878948e+02,	-4.3515792977e-03
1.0870000000e-01,	4.9172081035e-04,	2.5001271591e+00,	4.9989140337e+02,	5.0010859662e+02,	-4.3438650709e-03
1.0880000000e-01,	4.9128680870e-04,	2.5001272083e+00,	4.9989159571e+02,	5.0010840428e+02,	-4.3361714173e-03
1.0890000000e-01,	4.9085357539e-04,	2.5001272574e+00,	4.9989178754e+02,	5.0010821245e+02,	-4.3284982634e-03
1.0900000000e-01,	4.9042110837e-04,	2.5001273064e+00,	4.9989197885e+02,	5.0010802113e+02,	-4.3208455363e-03
1.0910000000e-01,	4.8998940560e-04,	2.5001273555e+00,	4.9989216966e+02,	5.0010783032e+02,	-4.3132131632e-03
1.0920000000e-01,	4.8955846506e-04,	2.5001274044e+00,	4.9989235997e+02,	5.0010764002e+02,	-4.3056010717e-03
1.0930000000e-01,	4.8912828471e-04,	2.5001274534e+00,	4.9989254976e+02,	5.0010745022e+02,	-4.2980091898e-03
1.0940000000e-01,	4.8869886255e-04,	2.5001275023e+00,	4.9989273906e+02,	5.0010726093e+02,	-4.2904374457e-03
1.0950000000e-01,	4.8827019655e-04,	2.5001275511e+00,	4.9989292785e+02,	5.0010707214e+02,	-4.2828857680e-03
1.0960000000e-01,	4.8784228473e-04,	2.5001275999e+00,	4.9989311614e+02,	5.0010688385e+02,	-4.2753540855e-03
1.0970000000e-01,	4.8741512507e-04,	2.5001276487e+00,	4.9989330394e+02,	5.0010669605e+02,	-4.2678423275e-03
1.0980000000e-01,	4.8698871560e-04,	2.5001276974e+00,	4.9989349123e+02,	5.0010650875e+02,	-4.2603504235e-03
1.0990000000e-01,	4.8656305433e-04,	2.5001277461e+00,	4.9989367804e+02,	5.0010632195e+02,	-4.2528783034e-03
1.1000000000e-01,	4.8613813928e-04,	2.5001277947e+00,	4.9989386435e+02,	5.0010613564e+02,	-4.2454258971e-03
1.1010000000e-01,	4.8571396850e-04,	2.5001278433e+00,	4.9989405016e+02,	5.0010594982e+02,	-4.2379931353e-03
1.1020000000e-01,	4.8529054000e-04,	2.5001278919e+00,	4.9989423549e+02,	5.0010576449e+02,	-4.2305799487e-03
1.1030000000e-01,	4.8486785186e-04,	2.5001279404e+00,	4.9989442034e+02,	5.0010557965e+02,	-4.2231862683e-03
1.1040000000e-01,	4.8444590210e-04,	2.5001279888e+00,	4.9989460469e+02,	5.0010539529e+02,	-4.2158120255e-03
1.1050000000e-01,	4.8402468880e-04,	2.5001280373e+00,	4.9989478856e+02,	5.0010521142e+02,	-4.2084571520e-03
1.1060000000e-01,	4.8360421003e-04,	2.5001280856e+00,	4.9989497195e+02,	5.0010502803e+02,	-4.2011215798e-03
1.1070000000e-01,	4.8318446385e-04,	2.5001281340e+00,	4.9989515486e+02,	5.0010484512e+02,	-4.1938052411e-03
1.1080000000e-01,	4.8276544834e-04,	2.5001281823e+00,	4.9989533729e+02,	5.0010466270e+02,	-4.1865080684e-03
1.1090000000e-01,	4.8234716160e-04,	2.5001282305e+00,	4.9989551924e+02,	5.0010448074e+02,	-4.1792299947e-03
1.1100000000e-01,	4.8192960171e-04,	2.5001282787e+00,	4.9989570072e+02,	5.0010429927e+02,	-4.1719709532e-03
1.1110000000e-01,	4.8151276677e-04,	2.5001283269e+00,	4.9989588172e+02,	5.0010411827e+02,	-4.1647308772e-03
1.1120000000e-01,	4.8109665490e-04,	2.5001283750e+00,	4.9989606225e+02,	5.0010393774e+02,	-4.1575097005e-03
1.1130000000e-01,	4.8068126421e-04,	2.5001284231e+00,	4.9989624231e+02,	5.0010375768e+02,	-4.1503073573e-03
1.1140000000e-01,	4.8026659281e-04,	2.5001284712e+00,	4.9989642190e+02,	5.0010357809e+02,	-4.1431237817e-03
1.1150000000e-01,	4.7985263883e-04,	2.5001285192e+00,	4.9989660102e+02,	5.0010339897e+02,	-4.1359589083e-03
1.1160000000e-01,	4.7943940040e-04,	2.5001285672e+00,	4.9989677968e+02,	5.0010322031e+02,	-4.1288126722e-03
1.1170000000e-01,	4.7902687567e-04,	2.5001286151e+00,	4.9989695787e+02,	5.0010304212e+02,	-4.1216850085e-03
1.1180000000e-01,	4.7861506278e-04,	2.5001286630e+00,	4.9989713560e+02,	5.0010286439e+02,	-4.1145758526e-03
1.1190000000e-01,	4.7820395989e-04,	2.5001287108e+00,	4.9989731287e+02,	5.0010268712e+02,	-4.1074851402e-03
1.1200000000e-01,	4.7779356514e-04,	2.5001287586e+00,	4.9989748967e+02,	5.0010251031e+02,	-4.1004128075e-03
1.1210000000e-01,	4.7738387672e-04,	2.5001288064e+00,	4.9989766602e+02,	5.0010233396e+02,	-4.0933587907e-03
1.1220000000e-01,	4.7697489278e-04,	2.5001288541e+00,	4.9989784192e+02,	5.0010215807e+02,	-4.0863230264e-03
1.1230000000e-01,	4.7656661150e-04,	2.5001289018e+00,	4.9989801736e+02,	5.0010198263e+02,	-4.0793054515e-03
1.1240000000e-01,	4.7615903108e-04,	2.5001289494e+00,	4.9989819234e+02,	5.0010180764e+02,	-4.0723060030e-03
1.1250000000e-01,	4.7575214970e-04,	2.5001289970e+00,	4.9989836688e+02,	5.0010163311e+02,	-4.0653246184e-03
1.1260000000e-01,	4.7534596556e-04,	2.5001290445e+00,	4.9989854096e+02,	5.0010145902e+02,	-4.0583612353e-03
1.1270000000e-01,	4.7494047686e-04,	2.5001290921e+00,	4.9989871460e+02,	5.0010128539e+02,	-4.0514157918e-03
1.1280000000e-01,	4.7453568180e-04,	2.5001291395e+00,	4.9989888779e+02,	5.0010111220e+02,	-4.0444882259e-03
1.1290000000e-01,	4.7413157862e-04,	2.5001291870e+00,	4.9989906053e+02,	5.0010093946e+02,	-4.0375784762e-03
1.1300000000e-01,	4.7372816552e-04,	2.5001292344e+00,	4.9989923283e+02,	5.0010076716e+02,	-4.0306864815e-03
1.1310000000e-01,	4.7332544073e-04,	2.5001292817e+00,	4.9989940469e+02,	5.0010059530e+02,	-4.0238121806e-03
1.1320000000e-01,	4.7292340249e-04,	2.5001293290e+00,	4.9989957611e+02,	5.0010042388e+02,	-4.0169555130e-03
1.1330000000e-01,	4.7252204904e-04,	2.5001293763e+00,	4.9989974708e+02,	5.0010025290e+02,	-4.0101164181e-03
1.1340000000e-01,	4.7212137863e-04,	2.5001294235e+00,	4.9989991762e+02,	5.0010008236e+02,	-4.0032948357e-03
1.1350000000e-01,	4.7172138949e-04,	2.5001294707e+00,	4.9990008773e+02,	5.0009991226e+02,	-3.9964907059e-03
1.1360000000e-01,	4.7132207991e-04,	2.5001295179e+00,	4.9990025739e+02,	5.0009974259e+02,	-3.9897039689e-03
1.1370000000e-01,	4.7092344812e-04,	2.5001295650e+00,	4.9990042663e+02,	5.0009957336e+02,	-3.9829345654e-03
1.1380000000e-01,	4.7052549242e-04,	2.5001296121e+00,	4.9990059543e+02,	5.0009940455e+02,	-3.9761824361e-03
1.1390000000e-01,	4.7012821106e-04,	2.5001296591e+00,	4.9990076381e+02,	5.0009923618e+02,	-3.9694475222e-03
1.1400000000e-01,	4.6973160234e-04,	2.5001297061e+00,	4.9990093175e+02,	5.0009906824e+02,	-3.9627297648e-03
1.1410000000e-01,	4.6933566454e-04,	2.5001297530e+00,	4.9990109927e+02,	5.0009890072e+02,	-3.9560291057e-03
1.1420000000e-01,	4.6894039595e-04,	2.5001297999e+00,	4.9990126636e+02,	5.0009873363e+02,	-3.9493454866e-03
1.1430000000e-01,	4.6854579488e-04,	2.5001298468e+00,	4.9990143302e+02,	5.0009856697e+02,	-3.9426788497e-03
1.1440000000e-01,	4.6815185962e-04,	2.5001298937e+00,	4.9990159927e+02,	5.0009840072e+02,	-3.9360291371e-03
1.1450000000e-01,	4.6775858849e-04,	2.5001299405e+00,	4.9990176509e+02,	5.0009823490e+02,	-3.9293962915e-03
1.1460000000e-01,	4.6736597980e-04,	2.5001299872e+00,	4.9990193049e+02,	5.0009806950e+02,	-3.9227802557e-03
1.1470000000e-01,	4.6697403188e-04,	2.5001300339e+00,	4.9990209547e+02,	5.0009790452e+02,	-3.9161809728e-03
1.1480000000e-01,	4.6658274305e-04,	2.5001300806e+00,	4.9990226003e+02,	5.0009773995e+02,	-3.9095983860e-03
1.1490000000e-01,	4.6619211164e-04,	2.5001301272e+00,	4.9990242418e+02,	5.0009757581e+02,	-3.9030324388e-03
1.1500000000e-01,	4.6580213601e-04,	2.5001301738e+00,	4.9990258792e+02,	5.0009741207e+02,	-3.8964830751e-03
1.1510000000e-01,	4.6541281448e-04,	2.5001302204e+00,	4.9990275124e+02,	5.0009724875e+02,	-3.8899502388e-03
1.1520000000e-01,	4.6502414541e-04,	2.5001302669e+00,	4.9990291415e+02,	5.0009708584e+02,	-3.8834338741e-03
1.1530000000e-01,	4.6463612716e-04,	2.5001303134e+00,	4.9990307665e+02,	5.0009692334e+02,	-3.8769339257e-03
1.1540000000e-01,	4.6424875808e-04,	2.5001303599e+00,	4.9990323874e+02,	5.0009676125e+02,	-3.8704503381e-03
1.1550000000e-01,	4.6386203655e-04,	2.5001304063e+00,	4.9990340042e+02,	5.0009659957e+02,	-3.8639830564e-03
1.1560000000e-01,	4.6347596093e-04,	2.5001304526e+00,	4.9990356169e+02,	5.0009643830e+02,	-3.8575320257e-03
1.1570000000e-01,	4.6309052960e-04,	2.5001304990e+00,	4.9990372256e+02,	5.0009627742e+02,	-3.8510971914e-03
1.1580000000e-01,	4.6270574095e-04,	2.5001305452e+00,	4.9990388303e+02,	5.0009611696e+02,	-3.8446784992e-03
1.1590000000e-01,	4.6232159336e-04,	2.5001305915e+00,	4.9990404310e+02,	5.0009595689e+02,	-3.8382758949e-03
1.1600000000e-01,	4.6193808524e-04,	2.5001306377e+00,	4.9990420276e+02,	5.0009579723e+02,	-3.8318893247e-03
1.1610000000e-01,	4.6155521497e-04,	2.5001306839e+00,	4.9990436203e+02,	5.0009563796e+02,	-3.8255187349e-03
1.1620000000e-01,	4.6117298096e-04,	2.5001307300e+00,	4.9990452089e+02,	5.0009547910e+02,	-3.8191640719e-03
1.1630000000e-01,	4.6079138162e-04,	2.5001307761e+00,	4.9990467936e+02,	5.0009532063e+02,	-3.8128252827e-03
1.1640000000e-01,	4.6041041537e-04,	2.5001308222e+00,	4.9990483744e+02,	5.0009516255e+02,	-3.8065023141e-03
1.1650000000e-01,	4.6003008063e-04,	2.5001308682e+00,	4.9990499512e+02,	5.0009500487e+02,	-3.8001951134e-03
1.1660000000e-01,	4.5965037583e-04,	2.5001309142e+00,	4.9990515240e+02,	5.0009484759e+02,	-3.7939036281e-03
1.1670000000e-01,	4.5927129939e-04,	2.5001309601e+00,	4.9990530930e+02,	5.0009469069e+02,	-3.7876278058e-03
1.1680000000e-01,	4.5889284975e-04,	2.5001310060e+00,	4.9990546580e+02,	5.0009453418e+02,	-3.7813675944e-03
1.1690000000e-01,	4.5851502535e-04,	2.5001310519e+00,	4.9990562192e+02,	5.0009437807e+02,	-3.7751229420e-03
1.1700000000e-01,	4.5813782464e-04,	2.5001310977e+00,	4.9990577765e+02,	5.0009422234e+02,	-3.7688937968e-03
1.1710000000e-01,	4.5776124607e-04,	2.5001311435e+00,	4.9990593299e+02,	5.0009406700e+02,	-3.7626801075e-03
1.1720000000e-01,	4.5738528811e-04,	2.5001311893e+00,	4.9990608795e+02,	5.0009391204e+02,	-3.7564818227e-03
1.1730000000e-01,	4.5700994920e-04,	2.5001312350e+00,	4.9990624252e+02,	5.0009375747e+02,	-3.7502988914e-03
1.1740000000e-01,	4.5663522782e-04,	2.5001312807e+00,	4.9990639671e+02,	5.0009360328e+02,	-3.7441312628e-03
1.1750000000e-01,	4.5626112244e-04,	2.5001313263e+00,	4.9990655052e+02,	5.0009344947e+02,	-3.7379788862e-03
1.1760000000e-01,	4.5588763153e-04,	2.5001313719e+00,	4.9990670395e+02,	5.0009329604e+02,	-3.7318417113e-03
1.1770000000e-01,	4.5551475359e-04,	2.5001314175e+00,	4.9990685700e+02,	5.0009314299e+02,	-3.7257196879e-03
1.1780000000e-01,	4.5514248709e-04,	2.5001314630e+00,	4.9990700968e+02,	5.0009299031e+02,	-3.7196127658e-03
1.1790000000e-01,	4.5477083054e-04,	2.5001315085e+00,	4.9990716197e+02,	5.0009283802e+02,	-3.7135208954e-03
1.1800000000e-01,	4.5439978241e-04,	2.5001315540e+00,	4.9990731389e+02,	5.0009268610e+02,	-3.7074440271e-03
1.1810000000e-01,	4.5402934123e-04,	2.5001315994e+00,	4.9990746544e+02,	5.0009253455e+02,	-3.7013821114e-03
1.1820000000e-01,	4.5365950549e-04,	2.5001316448e+00,	4.9990761662e+02,	5.0009238337e+02,	-3.6953350993e-03
1.1830000000e-01,	4.5329027372e-04,	2.5001316902e+00,	4.9990776742e+02,	5.0009223257e+02,	-3.6893029417e-03
1.1840000000e-01,	4.5292164441e-04,	2.5001317355e+00,	4.9990791786e+02,	5.0009208213e+02,	-3.6832855898e-03
1.1850000000e-01,	4.5255361611e-04,	2.5001317807e+00,	4.9990806792e+02,	5.0009193207e+02,	-3.6772829951e-03
1.1860000000e-01,	4.5218618732e-04,	2.5001318260e+00,	4.9990821762e+02,	5.0009178237e+02,	-3.6712951093e-03
1.1870000000e-01,	4.5181935660e-04,	2.5001318712e+00,	4.9990836695e+02,	5.0009163304e+02,	-3.6653218841e-03
1.1880000000e-01,	4.5145312246e-04,	2.5001319163e+00,	4.9990851591e+02,	5.0009148408e+02,	-3.6593632715e-03
1.1890000000e-01,	4.5108748346e-04,	2.5001319615e+00,	4.9990866451e+02,	5.0009133548e+02,	-3.6534192239e-03
1.1900000000e-01,	4.5072243813e-04,	2.5001320066e+00,	4.9990881275e+02,	5.0009118724e+02,	-3.6474896935e-03
1.1910000000e-01,	4.5035798503e-04,	2.5001320516e+00,	4.9990896063e+02,	5.0009103936e+02,	-3.6415746331e-03
1.1920000000e-01,	4.4999412272e-04,	2.5001320966e+00,	4.9990910815e+02,	5.0009089184e+02,	-3.6356739954e-03
1.1930000000e-01,	4.4963084976e-04,	2.5001321416e+00,	4.9990925530e+02,	5.0009074469e+02,	-3.6297877334e-03
1.1940000000e-01,	4.4926816470e-04,	2.5001321866e+00,	4.9990940210e+02,	5.0009059789e+02,	-3.6239158003e-03
1.1950000000e-01,	4.4890606612e-04,	2.5001322315e+00,	4.9990954854e+02,	5.0009045145e+02,	-3.6180581495e-03
1.1960000000e-01,	4.4854455259e-04,	2.5001322763e+00,	4.9990969463e+02,	5.0009030536e+02,	-3.6122147346e-03
1.1970000000e-01,	4.4818362270e-04,	2.5001323212e+00,	4.9990984036e+02,	5.0009015963e+02,	-3.6063855093e-03
1.1980000000e-01,	4.4782327502e-04,	2.5001323660e+00,	4.9990998573e+02,	5.0009001426e+02,	-3.6005704276e-03
1.1990000000e-01,	4.4746350815e-04,	2.5001324107e+00,	4.9991013076e+02,	5.0008986923e+02,	-3.5947694436e-03
1.2000000000e-01,	4.4710432066e-04,	2.5001324555e+00,	4.9991027543e+02,	5.0008972456e+02,	-3.5889825117e-03
1.2010000000e-01,	4.4674571118e-04,	2.5001325002e+00,	4.9991041976e+02,	5.0008958023e+02,	-3.5832095863e-03
1.2020000000e-01,	4.4638767828e-04,	2.5001325448e+00,	4.9991056373e+02,	5.0008943626e+02,	-3.5774506221e-03
1.2030000000e-01,	4.4603022059e-04,	2.5001325894e+00,	4.9991070736e+02,	5.0008929263e+02,	-3.5717055740e-03
1.2040000000e-01,	4.4567333670e-04,	2.5001326340e+00,	4.9991085064e+02,	5.0008914936e+02,	-3.5659743971e-03
1.2050000000e-01,	4.4531702525e-04,	2.5001326786e+00,	4.9991099357e+02,	5.0008900642e+02,	-3.5602570466e-03
1.2060000000e-01,	4.4496128484e-04,	2.5001327231e+00,	4.9991113616e+02,	5.0008886383e+02,	-3.5545534779e-03
1.2070000000e-01,	4.4460611409e-04,	2.5001327676e+00,	4.9991127840e+02,	5.0008872159e+02,	-3.5488636467e-03
1.2080000000e-01,	4.4425151165e-04,	2.5001328120e+00,	4.9991142031e+02,	5.0008857968e+02,	-3.5431875087e-03
1.2090000000e-01,	4.4389747614e-04,	2.5001328564e+00,	4.9991156187e+02,	5.0008843812e+02,	-3.5375250198e-03
1.2100000000e-01,	4.4354400619e-04,	2.5001329008e+00,	4.9991170309e+02,	5.0008829690e+02,	-3.5318761363e-03
1.2110000000e-01,	4.4319110046e-04,	2.5001329451e+00,	4.9991184397e+02,	5.0008815602e+02,	-3.5262408144e-03
1.2120000000e-01,	4.4283875758e-04,	2.5001329894e+00,	4.9991198452e+02,	5.0008801547e+02,	-3.5206190106e-03
1.2130000000e-01,	4.4248697621e-04,	2.5001330337e+00,	4.9991212473e+02,	5.0008787526e+02,	-3.5150106816e-03
1.2140000000e-01,	4.4213575500e-04,	2.5001330779e+00,	4.9991226460e+02,	5.0008773539e+02,	-3.5094157842e-03
1.2150000000e-01,	4.4178509260e-04,	2.5001331221e+00,	4.9991240414e+02,	5.0008759585e+02,	-3.5038342754e-03
1.2160000000e-01,	4.4143498770e-04,	2.5001331663e+00,	4.9991254334e+02,	5.0008745665e+02,	-3.4982661124e-03
1.2170000000e-01,	4.4108543894e-04,	2.5001332104e+00,	4.9991268221e+02,	5.0008731778e+02,	-3.4927112526e-03
1.2180000000e-01,	4.4073644500e-04,	2.5001332545e+00,	4.9991282075e+02,	5.0008717924e+02,	-3.4871696535e-03
1.2190000000e-01,	4.4038800457e-04,	2.5001332986e+00,	4.9991295896e+02,	5.0008704103e+02,	-3.4816412728e-03
1.2200000000e-01,	4.4004011631e-04,	2.5001333426e+00,	4.9991309684e+02,	5.0008690315e+02,	-3.4761260683e-03
1.2210000000e-01,	4.3969277891e-04,	2.5001333866e+00,	4.9991323440e+02,	5.0008676560e+02,	-3.4706239981e-03
1.2220000000e-01,	4.3934599107e-04,	2.5001334305e+00,	4.9991337162e+02,	5.0008662837e+02,	-3.4651350204e-03
1.2230000000e-01,	4.3899975148e-04,	2.5001334744e+00,	4.9991350852e+02,	5.0008649147e+02,	-3.4596590935e-03
1.2240000000e-01,	4.3865405882e-04,	2.5001335183e+00,	4.9991364509e+02,	5.0008635490e+02,	-3.4541961761e-03
1.2250000000e-01,	4.3830891181e-04,	2.5001335622e+00,	4.9991378134e+02,	5.0008621865e+02,	-3.4487462267e-03
1.2260000000e-01,	4.3796430914e-04,	2.5001336060e+00,	4.9991391727e+02,	5.0008608273e+02,	-3.4433092042e-03
1.2270000000e-01,	4.3762024954e-04,	2.5001336498e+00,	4.9991405287e+02,	5.0008594712e+02,	-3.4378850677e-03
1.2280000000e-01,	4.3727673170e-04,	2.5001336935e+00,	4.9991418815e+02,	5.0008581184e+02,	-3.4324737764e-03
1.2290000000e-01,	4.3693375436e-04,	2.5001337372e+00,	4.9991432311e+02,	5.0008567688e+02,	-3.4270752896e-03
1.2300000000e-01,	4.3659131622e-04,	2.5001337809e+00,	4.9991445776e+02,	5.0008554223e+02,	-3.4216895668e-03
1.2310000000e-01,	4.3624941602e-04,	2.5001338245e+00,	4.9991459208e+02,	5.0008540791e+02,	-3.4163165678e-03
1.2320000000e-01,	4.3590805248e-04,	2.5001338681e+00,	4.9991472609e+02,	5.0008527390e+02,	-3.4109562522e-03
1.2330000000e-01,	4.3556722435e-04,	2.5001339117e+00,	4.9991485978e+02,	5.0008514021e+02,	-3.4056085802e-03
1.2340000000e-01,	4.3522693035e-04,	2.5001339552e+00,	4.9991499316e+02,	5.0008500683e+02,	-3.4002735118e-03
1.2350000000e-01,	4.3488716923e-04,	2.5001339988e+00,	4.9991512622e+02,	5.0008487377e+02,	-3.3949510074e-03
1.2360000000e-01,	4.3454793973e-04,	2.5001340422e+00,	4.9991525897e+02,	5.0008474102e+02,	-3.3896410274e-03
1.2370000000e-01,	4.3420924060e-04,	2.5001340857e+00,	4.9991539141e+02,	5.0008460858e+02,	-3.3843435325e-03
1.2380000000e-01,	4.3387107061e-04,	2.5001341291e+00,	4.9991552353e+02,	5.0008447646e+02,	-3.3790584834e-03
1.2390000000e-01,	4.3353342849e-04,	2.5001341724e+00,	4.9991565535e+02,	5.0008434464e+02,	-3.3737858411e-03
1.2400000000e-01,	4.3319631303e-04,	2.5001342158e+00,	4.9991578686e+02,	5.0008421313e+02,	-3.3685255666e-03
1.2410000000e-01,	4.3285972297e-04,	2.5001342591e+00,	4.9991591806e+02,	5.0008408194e+02,	-3.3632776212e-03
1.2420000000e-01,	4.3252365709e-04,	2.5001343023e+00,	4.9991604895e+02,	5.0008395104e+02,	-3.3580419662e-03
1.2430000000e-01,	4.3218811417e-04,	2.5001343456e+00,	4.9991617953e+02,	5.0008382046e+02,	-3.3528185632e-03
1.2440000000e-01,	4.3185309297e-04,	2.5001343888e+00,	4.9991630981e+02,	5.0008369018e+02,	-3.3476073739e-03
1.2450000000e-01,	4.3151859229e-04,	2.5001344320e+00,	4.9991643979e+02,	5.0008356020e+02,	-3.3424083602e-03
1.2460000000e-01,	4.3118461090e-04,	2.5001344751e+00,	4.9991656946e+02,	5.0008343053e+02,	-3.3372214839e-03
1.2470000000e-01,	4.3085114759e-04,	2.5001345182e+00,	4.9991669883e+02,	5.0008330116e+02,	-3.3320467073e-03
1.2480000000e-01,	4.3051820115e-04,	2.5001345613e+00,	4.9991682790e+02,	5.0008317210e+02,	-3.3268839927e-03
1.2490000000e-01,	4.3018577039e-04,	2.5001346043e+00,	4.9991695666e+02,	5.0008304333e+02,	-3.3217333024e-03
1.2500000000e-01,	4.2985385409e-04,	2.5001346473e+00,	4.9991708513e+02,	5.0008291486e+02,	-3.3165945990e-03
1.2510000000e-01,	4.2952245107e-04,	2.5001346903e+00,	4.9991721330e+02,	5.0008278669e+02,	-3.3114678453e-03
1.2520000000e-01,	4.2919156013e-04,	2.5001347332e+00,	4.9991734117e+02,	5.0008265882e+02,	-3.3063530042e-03
1.2530000000e-01,	4.2886118007e-04,	2.5001347761e+00,	4.9991746874e+02,	5.0008253125e+02,	-3.3012500386e-03
1.2540000000e-01,	4.2853130972e-04,	2.5001348190e+00,	4.9991759602e+02,	5.0008240397e+02,	-3.2961589118e-03
1.2550000000e-01,	4.2820194790e-04,	2.5001348618e+00,	4.9991772301e+02,	5.0008227699e+02,	-3.2910795870e-03
1.2560000000e-01,	4.2787309341e-04,	2.5001349046e+00,	4.9991784970e+02,	5.0008215030e+02,	-3.2860120276e-03
1.2570000000e-01,	4.2754474510e-04,	2.5001349474e+00,	4.9991797609e+02,	5.0008202390e+02,	-3.2809561972e-03
1.2580000000e-01,	4.2721690178e-04,	2.5001349901e+00,	4.9991810219e+02,	5.0008189780e+02,	-3.2759120597e-03
1.2590000000e-01,	4.2688956230e-04,	2.5001350328e+00,	4.9991822801e+02,	5.0008177199e+02,	-3.2708795788e-03
1.2600000000e-01,	4.2656272548e-04,	2.5001350755e+00,	4.9991835353e+02,	5.0008164646e+02,	-3.2658587185e-03
1.2610000000e-01,	4.2623639017e-04,	2.5001351181e+00,	4.9991847876e+02,	5.0008152123e+02,	-3.2608494430e-03
1.2620000000e-01,	4.2591055521e-04,	2.5001351607e+00,	4.9991860370e+02,	5.0008139629e+02,	-3.2558517167e-03
1.2630000000e-01,	4.2558521944e-04,	2.5001352033e+00,	4.9991872836e+02,	5.0008127163e+02,	-3.2508655038e-03
1.2640000000e-01,	4.2526038172e-04,	2.5001352459e+00,	4.9991885273e+02,	5.0008114727e+02,	-3.2458907690e-03
1.2650000000e-01,	4.2493604091e-04,	2.5001352884e+00,	4.9991897681e+02,	5.0008102318e+02,	-3.2409274769e-03
1.2660000000e-01,	4.2461219585e-04,	2.5001353309e+00,	4.9991910061e+02,	5.0008089939e+02,	-3.2359755925e-03
1.2670000000e-01,	4.2428884541e-04,	2.5001353733e+00,	4.9991922412e+02,	5.0008077587e+02,	-3.2310350806e-03
1.2680000000e-01,	4.2396598845e-04,	2.5001354157e+00,	4.9991934735e+02,	5.0008065264e+02,	-3.2261059064e-03
1.2690000000e-01,	4.2364362385e-04,	2.5001354581e+00,	4.9991947030e+02,	5.0008052970e+02,	-3.2211880350e-03
1.2700000000e-01,	4.2332175047e-04,	2.5001355004e+00,	4.9991959296e+02,	5.0008040703e+02,	-3.2162814320e-03
1.2710000000e-01,	4.2300036719e-04,	2.5001355428e+00,	4.9991971534e+02,	5.0008028465e+02,	-3.2113860627e-03
1.2720000000e-01,	4.2267947289e-04,	2.5001355850e+00,	4.9991983745e+02,	5.0008016254e+02,	-3.2065018929e-03
1.2730000000e-01,	4.2235906644e-04,	2.5001356273e+00,	4.9991995927e+02,	5.0008004072e+02,	-3.2016288883e-03
1.2740000000e-01,	4.2203914674e-04,	2.5001356695e+00,	4.9992008082e+02,	5.0007991917e+02,	-3.1967670147e-03
1.2750000000e-01,	4.2171971267e-04,	2.5001357117e+00,	4.9992020209e+02,	5.0007979790e+02,	-3.1919162382e-03
1.2760000000e-01,	4.2140076312e-04,	2.5001357539e+00,	4.9992032308e+02,	5.0007967691e+02,	-3.1870765250e-03
1.2770000000e-01,	4.2108229699e-04,	2.5001357960e+00,	4.9992044380e+02,	5.0007955619e+02,	-3.1822478414e-03
1.2780000000e-01,	4.2076431319e-04,	2.5001358381e+00,	4.9992056424e+02,	5.0007943575e+02,	-3.1774301538e-03
1.2790000000e-01,	4.2044681060e-04,	2.5001358801e+00,	4.9992068441e+02,	5.0007931558e+02,	-3.1726234286e-03
1.2800000000e-01,	4.2012978814e-04,	2.5001359222e+00,	4.9992080431e+02,	5.0007919569e+02,	-3.1678276327e-03
1.2810000000e-01,	4.1981324471e-04,	2.5001359642e+00,	4.9992092393e+02,	5.0007907606e+02,	-3.1630427328e-03
1.2820000000e-01,	4.1949717923e-04,	2.5001360061e+00,	4.9992104328e+02,	5.0007895671e+02,	-3.1582686957e-03
1.2830000000e-01,	4.1918159061e-04,	2.5001360481e+00,	4.9992116236e+02,	5.0007883763e+02,	-3.1535054887e-03
1.2840000000e-01,	4.1886647777e-04,	2.5001360900e+00,	4.9992128117e+02,	5.0007871882e+02,	-3.1487530788e-03
1.2850000000e-01,	4.1855183963e-04,	2.5001361318e+00,	4.9992139971e+02,	5.0007860028e+02,	-3.1440114334e-03
1.2860000000e-01,	4.1823767513e-04,	2.5001361737e+00,	4.9992151798e+02,	5.0007848201e+02,	-3.1392805198e-03
1.2870000000e-01,	4.1792398317e-04,	2.5001362155e+00,	4.9992163599e+02,	5.0007836400e+02,	-3.1345603056e-03
1.2880000000e-01,	4.1761076271e-04,	2.5001362573e+00,	4.9992175373e+02,	5.0007824627e+02,	-3.1298507586e-03
1.2890000000e-01,	4.1729801267e-04,	2.5001362990e+00,	4.9992187120e+02,	5.0007812879e+02,	-3.1251518464e-03
1.2900000000e-01,	4.1698573199e-04,	2.5001363407e+00,	4.9992198841e+02,	5.0007801158e+02,	-3.1204635371e-03
1.2910000000e-01,	4.1667391961e-04,	2.5001363824e+00,	4.9992210535e+02,	5.0007789464e+02,	-3.1157857986e-03
1.2920000000e-01,	4.1636257448e-04,	2.5001364240e+00,	4.9992222203e+02,	5.0007777796e+02,	-3.1111185991e-03
1.2930000000e-01,	4.1605169554e-04,	2.5001364657e+00,	4.9992233845e+02,	5.0007766154e+02,	-3.1064619068e-03
1.2940000000e-01,	4.1574128174e-04,	2.5001365073e+00,	4.9992245460e+02,	5.0007754539e+02,	-3.1018156903e-03
1.2950000000e-01,	4.1543133205e-04,	2.5001365488e+00,	4.9992257050e+02,	5.0007742949e+02,	-3.0971799179e-03
1.2960000000e-01,	4.1512184541e-04,	2.5001365903e+00,	4.9992268613e+02,	5.0007731386e+02,	-3.0925545584e-03
1.2970000000e-01,	4.1481282079e-04,	2.5001366318e+00,	4.9992280151e+02,	5.0007719849e+02,	-3.0879395805e-03
1.2980000000e-01,	4.1450425715e-04,	2.5001366733e+00,	4.9992291662e+02,	5.0007708337e+02,	-3.0833349530e-03
1.2990000000e-01,	4.1419615346e-04,	2.5001367147e+00,	4.9992303148e+02,	5.0007696851e+02,	-3.0787406449e-03
1.3000000000e-01,	4.1388850868e-04,	2.5001367561e+00,	4.9992314608e+02,	5.0007685391e+02,	-3.0741566254e-03
1.3010000000e-01,	4.1358132179e-04,	2.5001367975e+00,	4.9992326042e+02,	5.0007673957e+02,	-3.0695828637e-03
1.3020000000e-01,	4.1327459177e-04,	2.5001368389e+00,	4.9992337451e+02,	5.0007662548e+02,	-3.0650193291e-03
1.3030000000e-01,	4.1296831759e-04,	2.5001368802e+00,	4.9992348835e+02,	5.0007651165e+02,	-3.0604659910e-03
1.3040000000e-01,	4.1266249823e-04,	2.5001369215e+00,	4.9992360193e+02,	5.0007639807e+02,	-3.0559228190e-03
1.3050000000e-01,	4.1235713268e-04,	2.5001369627e+00,	4.9992371525e+02,	5.0007628474e+02,	-3.0513897828e-03
1.3060000000e-01,	4.1205221994e-04,	2.5001370039e+00,	4.9992382833e+02,	5.0007617167e+02,	-3.0468668522e-03
1.3070000000e-01,	4.1174775898e-04,	2.5001370451e+00,	4.9992394115e+02,	5.0007605885e+02,	-3.0423539971e-03
1.3080000000e-01,	4.1144374880e-04,	2.5001370863e+00,	4.9992405372e+02,	5.0007594628e+02,	-3.0378511875e-03
1.3090000000e-01,	4.1114018841e-04,	2.5001371274e+00,	4.9992416604e+02,	5.0007583396e+02,	-3.0333583935e-03
1.3100000000e-01,	4.1083707679e-04,	2.5001371685e+00,	4.9992427811e+02,	5.0007572189e+02,	-3.0288755854e-03
1.3110000000e-01,	4.1053441296e-04,	2.5001372096e+00,	4.9992438993e+02,	5.0007561006e+02,	-3.0244027335e-03
1.3120000000e-01,	4.1023219591e-04,	2.5001372506e+00,	4.9992450150e+02,	5.0007549849e+02,	-3.0199398082e-03
1.3130000000e-01,	4.0993042467e-04,	2.5001372916e+00,	4.9992461283e+02,	5.0007538717e+02,	-3.0154867803e-03
1.3140000000e-01,	4.0962909823e-04,	2.5001373326e+00,	4.9992472391e+02,	5.0007527609e+02,	-3.0110436202e-03
1.3150000000e-01,	4.0932821561e-04,	2.5001373735e+00,	4.9992483474e+02,	5.0007516525e+02,	-3.0066102989e-03
1.3160000000e-01,	4.0902777584e-04,	2.5001374145e+00,	4.9992494533e+02,	5.0007505467e+02,	-3.0021867872e-03
1.3170000000e-01,	4.0872777793e-04,	2.5001374554e+00,	4.9992505567e+02,	5.0007494432e+02,	-2.9977730561e-03
1.3180000000e-01,	4.0842822091e-04,	2.5001374962e+00,	4.9992516577e+02,	5.0007483422e+02,	-2.9933690767e-03
1.3190000000e-01,	4.0812910379e-04,	2.5001375370e+00,	4.9992527563e+02,	5.0007472437e+02,	-2.9889748203e-03
1.3200000000e-01,	4.0783042562e-04,	2.5001375778e+00,	4.9992538524e+02,	5.0007461475e+02,	-2.9845902582e-03
1.3210000000e-01,	4.0753218542e-04,	2.5001376186e+00,	4.9992549461e+02,	5.0007450538e+02,	-2.9802153618e-03
1.3220000000e-01,	4.0723438222e-04,	2.5001376593e+00,	4.9992560374e+02,	5.0007439625e+02,	-2.9758501026e-03
1.3230000000e-01,	4.0693701508e-04,	2.5001377001e+00,	4.9992571264e+02,	5.0007428736e+02,	-2.9714944522e-03
1.3240000000e-01,	4.0664008301e-04,	2.5001377407e+00,	4.9992582129e+02,	5.0007417871e+02,	-2.9671483825e-03
1.3250000000e-01,	4.0634358508e-04,	2.5001377814e+00,	4.9992592970e+02,	5.0007407029e+02,	-2.9628118653e-03
1.3260000000e-01,	4.0604752032e-04,	2.5001378220e+00,	4.9992603787e+02,	5.0007396212e+02,	-2.9584848725e-03
1.3270000000e-01,	4.0575188779e-04,	2.5001378626e+00,	4.9992614581e+02,	5.0007385418e+02,	-2.9541673762e-03
1.3280000000e-01,	4.0545668653e-04,	2.5001379031e+00,	4.9992625351e+02,	5.0007374648e+02,	-2.9498593486e-03
1.3290000000e-01,	4.0516191561e-04,	2.5001379437e+00,	4.9992636098e+02,	5.0007363902e+02,	-2.9455607618e-03
1.3300000000e-01,	4.0486757407e-04,	2.5001379842e+00,	4.9992646821e+02,	5.0007353179e+02,	-2.9412715883e-03
1.3310000000e-01,	4.0457366098e-04,	2.5001380247e+00,	4.9992657520e+02,	5.0007342479e+02,	-2.9369918005e-03
1.3320000000e-01,	4.0428017540e-04,	2.5001380651e+00,	4.9992668196e+02,	5.0007331803e+02,	-2.9327213711e-03
1.3330000000e-01,	4.0398711639e-04,	2.5001381055e+00,	4.9992678849e+02,	5.0007321150e+02,	-2.9284602726e-03
1.3340000000e-01,	4.0369448303e-04,	2.5001381459e+00,	4.9992689478e+02,	5.0007310521e+02,	-2.9242084778e-03
1.3350000000e-01,	4.0340227439e-04,	2.5001381862e+00,	4.9992700085e+02,	5.0007299915e+02,	-2.9199659597e-03
1.3360000000e-01,	4.0311048953e-04,	2.5001382266e+00,	4.9992710668e+02,	5.0007289331e+02,	-2.9157326910e-03
1.3370000000e-01,	4.0281912754e-04,	2.5001382669e+00,	4.9992721228e+02,	5.0007278771e+02,	-2.9115086450e-03
1.3380000000e-01,	4.0252818749e-04,	2.5001383071e+00,	4.9992731765e+02,	5.0007268234e+02,	-2.9072937948e-03
1.3390000000e-01,	4.0223766848e-04,	2.5001383474e+00,	4.9992742279e+02,	5.0007257720e+02,	-2.9030881137e-03
1.3400000000e-01,	4.0194756957e-04,	2.5001383876e+00,	4.9992752771e+02,	5.0007247229e+02,	-2.8988915749e-03
1.3410000000e-01,	4.0165788986e-04,	2.5001384278e+00,	4.9992763239e+02,	5.0007236760e+02,	-2.8947041519e-03
1.3420000000e-01,	4.0136862843e-04,	2.5001384679e+00,	4.9992773685e+02,	5.0007226314e+02,	-2.8905258184e-03
1.3430000000e-01,	4.0107978439e-04,	2.5001385080e+00,	4.9992784108e+02,	5.0007215891e+02,	-2.8863565480e-03
1.3440000000e-01,	4.0079135682e-04,	2.5001385481e+00,	4.9992794509e+02,	5.0007205490e+02,	-2.8821963143e-03
1.3450000000e-01,	4.0050334483e-04,	2.5001385882e+00,	4.9992804887e+02,	5.0007195112e+02,	-2.8780450912e-03
1.3460000000e-01,	4.0021574751e-04,	2.5001386282e+00,	4.9992815243e+02,	5.0007184757e+02,	-2.8739028527e-03
1.3470000000e-01,	3.9992856396e-04,	2.5001386682e+00,	4.9992825576e+02,	5.0007174424e+02,	-2.8697695728e-03
1.3480000000e-01,	3.9964179329e-04,	2.5001387082e+00,	4.9992835887e+02,	5.0007164113e+02,	-2.8656452256e-03
1.3490000000e-01,	3.9935543462e-04,	2.5001387482e+00,	4.9992846175e+02,	5.0007153824e+02,	-2.8615297853e-03
1.3500000000e-01,	3.9906948704e-04,	2.5001387881e+00,	4.9992856442e+02,	5.0007143558e+02,	-2.8574232262e-03
1.3510000000e-01,	3.9878394968e-04,	2.5001388280e+00,	4.9992866686e+02,	5.0007133313e+02,	-2.8533255227e-03
1.3520000000e-01,	3.9849882164e-04,	2.5001388678e+00,	4.9992876908e+02,	5.0007123091e+02,	-2.8492366494e-03
1.3530000000e-01,	3.9821410205e-04,	2.5001389077e+00,	4.9992887108e+02,	5.0007112891e+02,	-2.8451565808e-03
1.3540000000e-01,	3.9792979003e-04,	2.5001389475e+00,	4.9992897286e+02,	5.0007102713e+02,	-2.8410852915e-03
1.3550000000e-01,	3.9764588470e-04,	2.5001389873e+00,	4.9992907443e+02,	5.0007092557e+02,	-2.8370227564e-03
1.3560000000e-01,	3.9736238519e-04,	2.5001390270e+00,	4.9992917577e+02,	5.0007082422e+02,	-2.8329689503e-03
1.3570000000e-01,	3.9707929062e-04,	2.5001390667e+00,	4.9992927690e+02,	5.0007072309e+02,	-2.8289238481e-03
1.3580000000e-01,	3.9679660013e-04,	2.5001391064e+00,	4.9992937781e+02,	5.0007062218e+02,	-2.8248874249e-03
1.3590000000e-01,	3.9651431285e-04,	2.5001391461e+00,	4.9992947851e+02,	5.0007052149e+02,	-2.8208596559e-03
1.3600000000e-01,	3.9623242791e-04,	2.5001391857e+00,	4.9992957898e+02,	5.0007042101e+02,	-2.8168405161e-03
1.3610000000e-01,	3.9595094446e-04,	2.5001392253e+00,	4.9992967925e+02,	5.0007032075e+02,	-2.8128299811e-03
1.3620000000e-01,	3.9566986163e-04,	2.5001392649e+00,	4.9992977930e+02,	5.0007022070e+02,	-2.8088280260e-03
1.3630000000e-01,	3.9538917857e-04,	2.5001393045e+00,	4.9992987913e+02,	5.0007012086e+02,	-2.8048346265e-03
1.3640000000e-01,	3.9510889442e-04,	2.5001393440e+00,	4.9992997875e+02,	5.0007002124e+02,	-2.8008497580e-03
1.3650000000e-01,	3.9482900833e-04,	2.5001393835e+00,	4.9993007816e+02,	5.0006992183e+02,	-2.7968733963e-03
1.3660000000e-01,	3.9454951946e-04,	2.5001394230e+00,	4.9993017736e+02,	5.0006982263e+02,	-2.7929055171e-03
1.3670000000e-01,	3.9427042695e-04,	2.5001394624e+00,	4.9993027634e+02,	5.0006972365e+02,	-2.7889460962e-03
1.3680000000e-01,	3.9399172996e-04,	2.5001395018e+00,	4.9993037512e+02,	5.0006962487e+02,	-2.7849951096e-03
1.3690000000e-01,	3.9371342765e-04,	2.5001395412e+00,	4.9993047368e+02,	5.0006952631e+02,	-2.7810525332e-03
1.3700000000e-01,	3.9343551917e-04,	2.5001395806e+00,	4.9993057204e+02,	5.0006942796e+02,	-2.7771183431e-03
1.3710000000e-01,	3.9315800370e-04,	2.5001396199e+00,	4.9993067018e+02,	5.0006932981e+02,	-2.7731925155e-03
1.3720000000e-01,	3.9288088039e-04,	2.5001396592e+00,	4.9993076812e+02,	5.0006923187e+02,	-2.7692750267e-03
1.3730000000e-01,	3.9260414842e-04,	2.5001396985e+00,	4.9993086585e+02,	5.0006913414e+02,	-2.7653658530e-03
1.3740000000e-01,	3.9232780694e-04,	2.5001397377e+00,	4.9993096337e+02,	5.0006903662e+02,	-2.7614649708e-03
1.3750000000e-01,	3.9205185515e-04,	2.5001397769e+00,	4.9993106069e+02,	5.0006893931e+02,	-2.7575723567e-03
1.3760000000e-01,	3.9177629220e-04,	2.5001398161e+00,	4.9993115780e+02,	5.0006884220e+02,	-2.7536879872e-03
1.3770000000e-01,	3.9150111727e-04,	2.5001398553e+00,	4.9993125470e+02,	5.0006874529e+02,	-2.7498118391e-03
1.3780000000e-01,	3.9122632956e-04,	2.5001398944e+00,	4.9993135140e+02,	5.0006864859e+02,	-2.7459438890e-03
1.3790000000e-01,	3.9095192822e-04,	2.5001399335e+00,	4.9993144789e+02,	5.0006855210e+02,	-2.7420841138e-03
1.3800000000e-01,	3.9067791246e-04,	2.5001399726e+00,	4.9993154418e+02,	5.0006845581e+02,	-2.7382324905e-03
1.3810000000e-01,	3.9040428146e-04,	2.5001400117e+00,	4.9993164027e+02,	5.0006835972e+02,	-2.7343889960e-03
1.3820000000e-01,	3.9013103439e-04,	2.5001400507e+00,	4.9993173616e+02,	5.0006826384e+02,	-2.7305536075e-03
1.3830000000e-01,	3.8985817046e-04,	2.5001400897e+00,	4.9993183184e+02,	5.0006816815e+02,	-2.7267263020e-03
1.3840000000e-01,	3.8958568886e-04,	2.5001401287e+00,	4.9993192732e+02,	5.0006807267e+02,	-2.7229070569e-03
1.3850000000e-01,	3.8931358879e-04,	2.5001401676e+00,	4.9993202260e+02,	5.0006797739e+02,	-2.7190958495e-03
1.3860000000e-01,	3.8904186943e-04,	2.5001402065e+00,	4.9993211768e+02,	5.0006788231e+02,	-2.7152926572e-03
1.3870000000e-01,	3.8877052999e-04,	2.5001402454e+00,	4.9993221256e+02,	5.0006778743e+02,	-2.7114974575e-03
1.3880000000e-01,	3.8849956967e-04,	2.5001402843e+00,	4.9993230724e+02,	5.0006769275e+02,	-2.7077102279e-03
1.3890000000e-01,	3.8822898768e-04,	2.5001403231e+00,	4.9993240172e+02,	5.0006759827e+02,	-2.7039309460e-03
1.3900000000e-01,	3.8795878322e-04,	2.5001403619e+00,	4.9993249601e+02,	5.0006750399e+02,	-2.7001595897e-03
1.3910000000e-01,	3.8768895550e-04,	2.5001404007e+00,	4.9993259009e+02,	5.0006740990e+02,	-2.6963961368e-03
1.3920000000e-01,	3.8741950373e-04,	2.5001404395e+00,	4.9993268398e+02,	5.0006731601e+02,	-2.6926405650e-03
1.3930000000e-01,	3.8715042712e-04,	2.5001404782e+00,	4.9993277768e+02,	5.0006722232e+02,	-2.6888928523e-03
1.3940000000e-01,	3.8688172489e-04,	2.5001405169e+00,	4.9993287117e+02,	5.0006712882e+02,	-2.6851529769e-03
1.3950000000e-01,	3.8661339626e-04,	2.5001405556e+00,	4.9993296447e+02,	5.0006703552e+02,	-2.6814209167e-03
1.3960000000e-01,	3.8634544045e-04,	2.5001405942e+00,	4.9993305758e+02,	5.0006694241e+02,	-2.6776966500e-03
1.3970000000e-01,	3.8607785668e-04,	2.5001406328e+00,	4.9993315049e+02,	5.0006684950e+02,	-2.6739801551e-03
1.3980000000e-01,	3.8581064416e-04,	2.5001406714e+00,	4.9993324321e+02,	5.0006675678e+02,	-2.6702714103e-03
1.3990000000e-01,	3.8554380214e-04,	2.5001407100e+00,	4.9993333574e+02,	5.0006666426e+02,	-2.6665703940e-03
1.4000000000e-01,	3.8527732983e-04,	2.5001407486e+00,	4.9993342807e+02,	5.0006657192e+02,	-2.6628770847e-03
1.4010000000e-01,	3.8501122646e-04,	2.5001407871e+00,	4.9993352021e+02,	5.0006647978e+02,	-2.6591914609e-03
1.4020000000e-01,	3.8474549128e-04,	2.5001408256e+00,	4.9993361216e+02,	5.0006638783e+02,	-2.6555135014e-03
1.4030000000e-01,	3.8448012351e-04,	2.5001408640e+00,	4.9993370392e+02,	5.0006629608e+02,	-2.6518431848e-03
1.4040000000e-01,	3.8421512239e-04,	2.5001409025e+00,	4.9993379548e+02,	5.0006620451e+02,	-2.6481804899e-03
1.4050000000e-01,	3.8395048716e-04,	2.5001409409e+00,	4.9993388686e+02,	5.0006611313e+02,	-2.6445253955e-03
1.4060000000e-01,	3.8368621706e-04,	2.5001409792e+00,	4.9993397805e+02,	5.0006602194e+02,	-2.6408778807e-03
1.4070000000e-01,	3.8342231133e-04,	2.5001410176e+00,	4.9993406905e+02,	5.0006593095e+02,	-2.6372379244e-03
1.4080000000e-01,	3.8315876922e-04,	2.5001410559e+00,	4.9993415986e+02,	5.0006584013e+02,	-2.6336055057e-03
1.4090000000e-01,	3.8289558998e-04,	2.5001410942e+00,	4.9993425048e+02,	5.0006574951e+02,	-2.6299806038e-03
1.4100000000e-01,	3.8263277285e-04,	2.5001411325e+00,	4.9993434092e+02,	5.0006565908e+02,	-2.6263631978e-03
1.4110000000e-01,	3.8237031709e-04,	2.5001411708e+00,	4.9993443117e+02,	5.0006556883e+02,	-2.6227532671e-03
1.4120000000e-01,	3.8210822195e-04,	2.5001412090e+00,	4.9993452123e+02,	5.0006547877e+02,	-2.6191507911e-03
1.4130000000e-01,	3.8184648668e-04,	2.5001412472e+00,	4.9993461110e+02,	5.0006538889e+02,	-2.6155557492e-03
1.4140000000e-01,	3.8158511055e-04,	2.5001412853e+00,	4.9993470079e+02,	5.0006529920e+02,	-2.6119681209e-03
1.4150000000e-01,	3.8132409281e-04,	2.5001413235e+00,	4.9993479030e+02,	5.0006520969e+02,	-2.6083878857e-03
1.4160000000e-01,	3.8106343273e-04,	2.5001413616e+00,	4.9993487962e+02,	5.0006512037e+02,	-2.6048150235e-03
1.4170000000e-01,	3.8080312956e-04,	2.5001413997e+00,	4.9993496876e+02,	5.0006503124e+02,	-2.6012495137e-03
1.4180000000e-01,	3.8054318258e-04,	2.5001414378e+00,	4.9993505771e+02,	5.0006494228e+02,	-2.5976913364e-03
1.4190000000e-01,	3.8028359105e-04,	2.5001414758e+00,	4.9993514649e+02,	5.0006485351e+02,	-2.5941404712e-03
1.4200000000e-01,	3.8002435424e-04,	2.5001415138e+00,	4.9993523507e+02,	5.0006476492e+02,	-2.5905968983e-03
1.4210000000e-01,	3.7976547143e-04,	2.5001415518e+00,	4.9993532348e+02,	5.0006467651e+02,	-2.5870605974e-03
1.4220000000e-01,	3.7950694188e-04,	2.5001415898e+00,	4.9993541171e+02,	5.0006458829e+02,	-2.5835315488e-03
1.4230000000e-01,	3.7924876488e-04,	2.5001416277e+00,	4.9993549975e+02,	5.0006450024e+02,	-2.5800097326e-03
1.4240000000e-01,	3.7899093969e-04,	2.5001416656e+00,	4.9993558762e+02,	5.0006441238e+02,	-2.5764951290e-03
1.4250000000e-01,	3.7873346561e-04,	2.5001417035e+00,	4.9993567530e+02,	5.0006432469e+02,	-2.5729877182e-03
1.4260000000e-01,	3.7847634191e-04,	2.5001417414e+00,	4.9993576281e+02,	5.0006423718e+02,	-2.5694874805e-03
1.4270000000e-01,	3.7821956788e-04,	2.5001417792e+00,	4.9993585014e+02,	5.0006414986e+02,	-2.5659943965e-03
1.4280000000e-01,	3.7796314279e-04,	2.5001418170e+00,	4.9993593729e+02,	5.0006406271e+02,	-2.5625084466e-03
1.4290000000e-01,	3.7770706595e-04,	2.5001418548e+00,	4.9993602426e+02,	5.0006397574e+02,	-2.5590296112e-03
1.4300000000e-01,	3.7745133664e-04,	2.5001418926e+00,	4.9993611105e+02,	5.0006388894e+02,	-2.5555578711e-03
1.4310000000e-01,	3.7719595414e-04,	2.5001419303e+00,	4.9993619767e+02,	5.0006380233e+02,	-2.5520932069e-03
1.4320000000e-01,	3.7694091776e-04,	2.5001419680e+00,	4.9993628411e+02,	5.0006371589e+02,	-2.5486355994e-03
1.4330000000e-01,	3.7668622679e-04,	2.5001420057e+00,	4.9993637037e+02,	5.0006362962e+02,	-2.5451850292e-03
1.4340000000e-01,	3.7643188052e-04,	2.5001420433e+00,	4.9993645646e+02,	5.0006354353e+02,	-2.5417414774e-03
1.4350000000e-01,	3.7617787826e-04,	2.5001420810e+00,	4.9993654237e+02,	5.0006345762e+02,	-2.5383049249e-03
1.4360000000e-01,	3.7592421930e-04,	2.5001421186e+00,	4.9993662811e+02,	5.0006337188e+02,	-2.5348753526e-03
1.4370000000e-01,	3.7567090296e-04,	2.5001421562e+00,	4.9993671368e+02,	5.0006328632e+02,	-2.5314527417e-03
1.4380000000e-01,	3.7541792852e-04,	2.5001421937e+00,	4.9993679907e+02,	5.0006320092e+02,	-2.5280370732e-03
1.4390000000e-01,	3.7516529531e-04,	2.5001422312e+00,	4.9993688429e+02,	5.0006311571e+02,	-2.5246283284e-03
1.4400000000e-01,	3.7491300263e-04,	2.5001422687e+00,	4.9993696934e+02,	5.0006303066e+02,	-2.5212264884e-03
1.4410000000e-01,	3.7466104978e-04,	2.5001423062e+00,	4.9993705421e+02,	5.0006294579e+02,	-2.5178315347e-03
1.4420000000e-01,	3.7440943609e-04,	2.5001423437e+00,	4.9993713891e+02,	5.0006286108e+02,	-2.5144434487e-03
1.4430000000e-01,	3.7415816086e-04,	2.5001423811e+00,	4.9993722344e+02,	5.0006277655e+02,	-2.5110622117e-03
1.4440000000e-01,	3.7390722342e-04,	2.5001424185e+00,	4.9993730780e+02,	5.0006269219e+02,	-2.5076878052e-03
1.4450000000e-01,	3.7365662308e-04,	2.5001424559e+00,	4.9993739199e+02,	5.0006260800e+02,	-2.5043202110e-03
1.4460000000e-01,	3.7340635915e-04,	2.5001424932e+00,	4.9993747601e+02,	5.0006252398e+02,	-2.5009594105e-03
1.4470000000e-01,	3.7315643097e-04,	2.5001425306e+00,	4.9993755986e+02,	5.0006244013e+02,	-2.4976053855e-03
1.4480000000e-01,	3.7290683785e-04,	2.5001425679e+00,	4.9993764354e+02,	5.0006235645e+02,	-2.4942581177e-03
1.4490000000e-01,	3.7265757912e-04,	2.5001426051e+00,	4.9993772706e+02,	5.0006227294e+02,	-2.4909175891e-03
1.4500000000e-01,	3.7240865411e-04,	2.5001426424e+00,	4.9993781040e+02,	5.0006218959e+02,	-2.4875837813e-03
1.4510000000e-01,	3.7216006214e-04,	2.5001426796e+00,	4.9993789358e+02,	5.0006210641e+02,	-2.4842566765e-03
1.4520000000e-01,	3.7191180255e-04,	2.5001427168e+00,	4.9993797659e+02,	5.0006202340e+02,	-2.4809362566e-03
1.4530000000e-01,	3.7166387467e-04,	2.5001427540e+00,	4.9993805943e+02,	5.0006194056e+02,	-2.4776225036e-03
1.4540000000e-01,	3.7141627783e-04,	2.5001427912e+00,	4.9993814211e+02,	5.0006185788e+02,	-2.4743153997e-03
1.4550000000e-01,	3.7116901137e-04,	2.5001428283e+00,	4.9993822462e+02,	5.0006177537e+02,	-2.4710149271e-03
1.4560000000e-01,	3.7092207462e-04,	2.5001428654e+00,	4.9993830697e+02,	5.0006169302e+02,	-2.4677210680e-03
1.4570000000e-01,	3.7067546693e-04,	2.5001429025e+00,	4.9993838915e+02,	5.0006161084e+02,	-2.4644338047e-03
1.4580000000e-01,	3.7042918764e-04,	2.5001429395e+00,	4.9993847117e+02,	5.0006152883e+02,	-2.4611531196e-03
1.4590000000e-01,	3.7018323609e-04,	2.5001429766e+00,	4.9993855302e+02,	5.0006144697e+02,	-2.4578789951e-03
1.4600000000e-01,	3.6993761162e-04,	2.5001430136e+00,	4.9993863471e+02,	5.0006136528e+02,	-2.4546114137e-03
1.4610000000e-01,	3.6969231359e-04,	2.5001430506e+00,	4.9993871624e+02,	5.0006128376e+02,	-2.4513503579e-03
1.4620000000e-01,	3.6944734134e-04,	2.5001430875e+00,	4.9993879760e+02,	5.0006120239e+02,	-2.4480958104e-03
1.4630000000e-01,	3.6920269421e-04,	2.5001431244e+00,	4.9993887880e+02,	5.0006112119e+02,	-2.4448477537e-03
1.4640000000e-01,	3.6895837157e-04,	2.5001431614e+00,	4.9993895984e+02,	5.0006104015e+02,	-2.4416061707e-03
1.4650000000e-01,	3.6871437276e-04,	2.5001431982e+00,	4.9993904072e+02,	5.0006095927e+02,	-2.4383710440e-03
1.4660000000e-01,	3.6847069715e-04,	2.5001432351e+00,	4.9993912144e+02,	5.0006087856e+02,	-2.4351423564e-03
1.4670000000e-01,	3.6822734408e-04,	2.5001432719e+00,	4.9993920200e+02,	5.0006079800e+02,	-2.4319200910e-03
1.4680000000e-01,	3.6798431291e-04,	2.5001433087e+00,	4.9993928239e+02,	5.0006071760e+02,	-2.4287042306e-03
1.4690000000e-01,	3.6774160302e-04,	2.5001433455e+00,	4.9993936263e+02,	5.0006063737e+02,	-2.4254947582e-03
1.4700000000e-01,	3.6749921375e-04,	2.5001433823e+00,	4.9993944271e+02,	5.0006055729e+02,	-2.4222916569e-03
1.4710000000e-01,	3.6725714447e-04,	2.5001434190e+00,	4.9993952262e+02,	5.0006047737e+02,	-2.4190949099e-03
1.4720000000e-01,	3.6701539456e-04,	2.5001434557e+00,	4.9993960239e+02,	5.0006039761e+02,	-2.4159045001e-03
1.4730000000e-01,	3.6677396336e-04,	2.5001434924e+00,	4.9993968199e+02,	5.0006031801e+02,	-2.4127204110e-03
1.4740000000e-01,	3.6653285026e-04,	2.5001435291e+00,	4.9993976143e+02,	5.0006023856e+02,	-2.4095426257e-03
1.4750000000e-01,	3.6629205463e-04,	2.5001435657e+00,	4.9993984072e+02,	5.0006015928e+02,	-2.4063711276e-03
1.4760000000e-01,	3.6605157583e-04,	2.5001436024e+00,	4.9993991985e+02,	5.0006008015e+02,	-2.4032059001e-03
1.4770000000e-01,	3.6581141324e-04,	2.5001436389e+00,	4.9993999882e+02,	5.0006000117e+02,	-2.4000469267e-03
1.4780000000e-01,	3.6557156624e-04,	2.5001436755e+00,	4.9994007764e+02,	5.0005992235e+02,	-2.3968941908e-03
1.4790000000e-01,	3.6533203419e-04,	2.5001437121e+00,	4.9994015631e+02,	5.0005984369e+02,	-2.3937476760e-03
1.4800000000e-01,	3.6509281649e-04,	2.5001437486e+00,	4.9994023481e+02,	5.0005976518e+02,	-2.3906073658e-03
1.4810000000e-01,	3.6485391252e-04,	2.5001437851e+00,	4.9994031317e+02,	5.0005968683e+02,	-2.3874732441e-03
1.4820000000e-01,	3.6461532164e-04,	2.5001438216e+00,	4.9994039137e+02,	5.0005960863e+02,	-2.3843452944e-03
1.4830000000e-01,	3.6437704325e-04,	2.5001438580e+00,	4.9994046941e+02,	5.0005953059e+02,	-2.3812235006e-03
1.4840000000e-01,	3.6413907673e-04,	2.5001438944e+00,	4.9994054730e+02,	5.0005945269e+02,	-2.3781078465e-03
1.4850000000e-01,	3.6390142148e-04,	2.5001439308e+00,	4.9994062504e+02,	5.0005937496e+02,	-2.3749983159e-03
1.4860000000e-01,	3.6366407687e-04,	2.5001439672e+00,	4.9994070263e+02,	5.0005929737e+02,	-2.3718948928e-03
1.4870000000e-01,	3.6342704230e-04,	2.5001440036e+00,	4.9994078006e+02,	5.0005921994e+02,	-2.3687975612e-03
1.4880000000e-01,	3.6319031715e-04,	2.5001440399e+00,	4.9994085734e+02,	5.0005914266e+02,	-2.3657063051e-03
1.4890000000e-01,	3.6295390083e-04,	2.5001440762e+00,	4.9994093447e+02,	5.0005906553e+02,	-2.3626211086e-03
1.4900000000e-01,	3.6271779273e-04,	2.5001441125e+00,	4.9994101145e+02,	5.0005898855e+02,	-2.3595419558e-03
1.4910000000e-01,	3.6248199224e-04,	2.5001441487e+00,	4.9994108828e+02,	5.0005891172e+02,	-2.3564688309e-03
1.4920000000e-01,	3.6224649876e-04,	2.5001441850e+00,	4.9994116495e+02,	5.0005883504e+02,	-2.3534017182e-03
1.4930000000e-01,	3.6201131170e-04,	2.5001442212e+00,	4.9994124148e+02,	5.0005875851e+02,	-2.3503406019e-03
1.4940000000e-01,	3.6177643044e-04,	2.5001442574e+00,	4.9994131786e+02,	5.0005868213e+02,	-2.3472854665e-03
1.4950000000e-01,	3.6154185441e-04,	2.5001442935e+00,	4.9994139409e+02,	5.0005860591e+02,	-2.3442362962e-03
1.4960000000e-01,	3.6130758299e-04,	2.5001443297e+00,	4.9994147017e+02,	5.0005852982e+02,	-2.3411930757e-03
1.4970000000e-01,	3.6107361559e-04,	2.5001443658e+00,	4.9994154610e+02,	5.0005845389e+02,	-2.3381557892e-03
1.4980000000e-01,	3.6083995163e-04,	2.5001444019e+00,	4.9994162189e+02,	5.0005837811e+02,	-2.3351244215e-03
1.4990000000e-01,	3.6060659051e-04,	2.5001444380e+00,	4.9994169752e+02,	5.0005830247e+02,	-2.3320989571e-03
1.5000000000e-01,	3.6037353164e-04,	2.5001444740e+00,	4.9994177301e+02,	5.0005822698e+02,	-2.3290793806e-03
1.5010000000e-01,	3.6014077444e-04,	2.5001445101e+00,	4.9994184836e+02,	5.0005815164e+02,	-2.3260656768e-03
1.5020000000e-01,	3.5990831831e-04,	2.5001445461e+00,	4.9994192355e+02,	5.0005807644e+02,	-2.3230578305e-03
1.5030000000e-01,	3.5967616268e-04,	2.5001445820e+00,	4.9994199860e+02,	5.0005800139e+02,	-2.3200558263e-03
1.5040000000e-01,	3.5944430695e-04,	2.5001446180e+00,	4.9994207351e+02,	5.0005792649e+02,	-2.3170596491e-03
1.5050000000e-01,	3.5921275056e-04,	2.5001446539e+00,	4.9994214827e+02,	5.0005785173e+02,	-2.3140692840e-03
1.5060000000e-01,	3.5898149290e-04,	2.5001446898e+00,	4.9994222288e+02,	5.0005777712e+02,	-2.3110847157e-03
1.5070000000e-01,	3.5875053342e-04,	2.5001447257e+00,	4.9994229735e+02,	5.0005770265e+02,	-2.3081059293e-03
1.5080000000e-01,	3.5851987153e-04,	2.5001447616e+00,	4.9994237168e+02,	5.0005762832e+02,	-2.3051329099e-03
1.5090000000e-01,	3.5828950665e-04,	2.5001447974e+00,	4.9994244586e+02,	5.0005755414e+02,	-2.3021656424e-03
1.5100000000e-01,	3.5805943821e-04,	2.5001448332e+00,	4.9994251989e+02,	5.0005748010e+02,	-2.2992041122e-03
1.5110000000e-01,	3.5782966563e-04,	2.5001448690e+00,	4.9994259379e+02,	5.0005740621e+02,	-2.2962483044e-03
1.5120000000e-01,	3.5760018835e-04,	2.5001449048e+00,	4.9994266754e+02,	5.0005733245e+02,	-2.2932982041e-03
1.5130000000e-01,	3.5737100580e-04,	2.5001449406e+00,	4.9994274115e+02,	5.0005725884e+02,	-2.2903537967e-03
1.5140000000e-01,	3.5714211741e-04,	2.5001449763e+00,	4.9994281462e+02,	5.0005718537e+02,	-2.2874150676e-03
1.5150000000e-01,	3.5691352260e-04,	2.5001450120e+00,	4.9994288795e+02,	5.0005711205e+02,	-2.2844820021e-03
1.5160000000e-01,	3.5668522082e-04,	2.5001450477e+00,	4.9994296113e+02,	5.0005703886e+02,	-2.2815545855e-03
1.5170000000e-01,	3.5645721149e-04,	2.5001450833e+00,	4.9994303418e+02,	5.0005696582e+02,	-2.2786328035e-03
1.5180000000e-01,	3.5622949407e-04,	2.5001451190e+00,	4.9994310708e+02,	5.0005689291e+02,	-2.2757166415e-03
1.5190000000e-01,	3.5600206798e-04,	2.5001451546e+00,	4.9994317985e+02,	5.0005682015e+02,	-2.2728060851e-03
1.5200000000e-01,	3.5577493267e-04,	2.5001451902e+00,	4.9994325247e+02,	5.0005674753e+02,	-2.2699011199e-03
1.5210000000e-01,	3.5554808757e-04,	2.5001452257e+00,	4.9994332495e+02,	5.0005667504e+02,	-2.2670017316e-03
1.5220000000e-01,	3.5532153213e-04,	2.5001452613e+00,	4.9994339730e+02,	5.0005660270e+02,	-2.2641079058e-03
1.5230000000e-01,	3.5509526580e-04,	2.5001452968e+00,	4.9994346951e+02,	5.0005653049e+02,	-2.2612196284e-03
1.5240000000e-01,	3.5486928802e-04,	2.5001453323e+00,	4.9994354158e+02,	5.0005645842e+02,	-2.2583368851e-03
1.5250000000e-01,	3.5464359824e-04,	2.5001453678e+00,	4.9994361351e+02,	5.0005638649e+02,	-2.2554596617e-03
1.5260000000e-01,	3.5441819591e-04,	2.5001454032e+00,	4.9994368530e+02,	5.0005631470e+02,	-2.2525879442e-03
1.5270000000e-01,	3.5419308047e-04,	2.5001454386e+00,	4.9994375695e+02,	5.0005624304e+02,	-2.2497217184e-03
1.5280000000e-01,	3.5396825138e-04,	2.5001454741e+00,	4.9994382847e+02,	5.0005617152e+02,	-2.2468609705e-03
1.5290000000e-01,	3.5374370809e-04,	2.5001455094e+00,	4.9994389986e+02,	5.0005610014e+02,	-2.2440056863e-03
1.5300000000e-01,	3.5351945006e-04,	2.5001455448e+00,	4.9994397110e+02,	5.0005602889e+02,	-2.2411558519e-03
1.5310000000e-01,	3.5329547674e-04,	2.5001455801e+00,	4.9994404221e+02,	5.0005595778e+02,	-2.2383114536e-03
1.5320000000e-01,	3.5307178759e-04,	2.5001456155e+00,	4.9994411319e+02,	5.0005588681e+02,	-2.2354724773e-03
1.5330000000e-01,	3.5284838207e-04,	2.5001456508e+00,	4.9994418403e+02,	5.0005581597e+02,	-2.2326389094e-03
1.5340000000e-01,	3.5262525963e-04,	2.5001456860e+00,	4.9994425473e+02,	5.0005574527e+02,	-2.2298107360e-03
1.5350000000e-01,	3.5240241974e-04,	2.5001457213e+00,	4.9994432530e+02,	5.0005567470e+02,	-2.2269879435e-03
1.5360000000e-01,	3.5217986186e-04,	2.5001457565e+00,	4.9994439573e+02,	5.0005560426e+02,	-2.2241705182e-03
1.5370000000e-01,	3.5195758546e-04,	2.5001457917e+00,	4.9994446604e+02,	5.0005553396e+02,	-2.2213584464e-03
1.5380000000e-01,	3.5173558999e-04,	2.5001458269e+00,	4.9994453621e+02,	5.0005546379e+02,	-2.2185517147e-03
1.5390000000e-01,	3.5151387494e-04,	2.5001458621e+00,	4.9994460624e+02,	5.0005539376e+02,	-2.2157503093e-03
1.5400000000e-01,	3.5129243976e-04,	2.5001458972e+00,	4.9994467614e+02,	5.0005532385e+02,	-2.2129542169e-03
1.5410000000e-01,	3.5107128392e-04,	2.5001459323e+00,	4.9994474591e+02,	5.0005525408e+02,	-2.2101634240e-03
1.5420000000e-01,	3.5085040689e-04,	2.5001459674e+00,	4.9994481555e+02,	5.0005518445e+02,	-2.2073779172e-03
1.5430000000e-01,	3.5062980816e-04,	2.5001460025e+00,	4.9994488506e+02,	5.0005511494e+02,	-2.2045976832e-03
1.5440000000e-01,	3.5040948718e-04,	2.5001460375e+00,	4.9994495443e+02,	5.0005504557e+02,	-2.2018227085e-03
1.5450000000e-01,	3.5018944344e-04,	2.5001460726e+00,	4.9994502367e+02,	5.0005497632e+02,	-2.1990529799e-03
1.5460000000e-01,	3.4996967641e-04,	2.5001461076e+00,	4.9994509279e+02,	5.0005490721e+02,	-2.1962884842e-03
1.5470000000e-01,	3.4975018557e-04,	2.5001461426e+00,	4.9994516177e+02,	5.0005483823e+02,	-2.1935292081e-03
1.5480000000e-01,	3.4953097040e-04,	2.5001461775e+00,	4.9994523062e+02,	5.0005476938e+02,	-2.1907751386e-03
1.5490000000e-01,	3.4931203037e-04,	2.5001462125e+00,	4.9994529934e+02,	5.0005470065e+02,	-2.1880262625e-03
1.5500000000e-01,	3.4909336497e-04,	2.5001462474e+00,	4.9994536793e+02,	5.0005463206e+02,	-2.1852825667e-03
1.5510000000e-01,	3.4887497368e-04,	2.5001462823e+00,	4.9994543640e+02,	5.0005456360e+02,	-2.1825440381e-03
1.5520000000e-01,	3.4865685599e-04,	2.5001463172e+00,	4.9994550473e+02,	5.0005449526e+02,	-2.1798106639e-03
1.5530000000e-01,	3.4843901138e-04,	2.5001463520e+00,	4.9994557294e+02,	5.0005442706e+02,	-2.1770824310e-03
1.5540000000e-01,	3.4822143934e-04,	2.5001463869e+00,	4.9994564101e+02,	5.0005435898e+02,	-2.1743593266e-03
1.5550000000e-01,	3.4800413934e-04,	2.5001464217e+00,	4.9994570896e+02,	5.0005429103e+02,	-2.1716413377e-03
1.5560000000e-01,	3.4778711090e-04,	2.5001464565e+00,	4.9994577679e+02,	5.0005422321e+02,	-2.1689284516e-03
1.5570000000e-01,	3.4757035348e-04,	2.5001464912e+00,	4.9994584448e+02,	5.0005415551e+02,	-2.1662206554e-03
1.5580000000e-01,	3.4735386660e-04,	2.5001465260e+00,	4.9994591205e+02,	5.0005408795e+02,	-2.1635179364e-03
1.5590000000e-01,	3.4713764973e-04,	2.5001465607e+00,	4.9994597949e+02,	5.0005402051e+02,	-2.1608202819e-03
1.5600000000e-01,	3.4692170237e-04,	2.5001465954e+00,	4.9994604681e+02,	5.0005395319e+02,	-2.1581276793e-03
1.5610000000e-01,	3.4670602402e-04,	2.5001466301e+00,	4.9994611400e+02,	5.0005388600e+02,	-2.1554401158e-03
1.5620000000e-01,	3.4649061418e-04,	2.5001466647e+00,	4.9994618106e+02,	5.0005381894e+02,	-2.1527575789e-03
1.5630000000e-01,	3.4627547234e-04,	2.5001466994e+00,	4.9994624800e+02,	5.0005375200e+02,	-2.1500800561e-03
1.5640000000e-01,	3.4606059800e-04,	2.5001467340e+00,	4.9994631481e+02,	5.0005368519e+02,	-2.1474075348e-03
1.5650000000e-01,	3.4584599067e-04,	2.5001467686e+00,	4.9994638150e+02,	5.0005361850e+02,	-2.1447400025e-03
1.5660000000e-01,	3.4563164984e-04,	2.5001468032e+00,	4.9994644806e+02,	5.0005355193e+02,	-2.1420774469e-03
1.5670000000e-01,	3.4541757501e-04,	2.5001468377e+00,	4.9994651450e+02,	5.0005348549e+02,	-2.1394198556e-03
1.5680000000e-01,	3.4520376570e-04,	2.5001468722e+00,	4.9994658082e+02,	5.0005341918e+02,	-2.1367672161e-03
1.5690000000e-01,	3.4499022141e-04,	2.5001469068e+00,	4.9994664701e+02,	5.0005335299e+02,	-2.1341195161e-03
1.5700000000e-01,	3.4477694163e-04,	2.5001469412e+00,	4.9994671308e+02,	5.0005328692e+02,	-2.1314767435e-03
1.5710000000e-01,	3.4456392589e-04,	2.5001469757e+00,	4.9994677903e+02,	5.0005322097e+02,	-2.1288388859e-03
1.5720000000e-01,	3.4435117369e-04,	2.5001470102e+00,	4.9994684485e+02,	5.0005315515e+02,	-2.1262059311e-03
1.5730000000e-01,	3.4413868454e-04,	2.5001470446e+00,	4.9994691055e+02,	5.0005308944e+02,	-2.1235778671e-03
1.5740000000e-01,	3.4392645796e-04,	2.5001470790e+00,	4.9994697613e+02,	5.0005302387e+02,	-2.1209546815e-03
1.5750000000e-01,	3.4371449345e-04,	2.5001471134e+00,	4.9994704159e+02,	5.0005295841e+02,	-2.1183363624e-03
1.5760000000e-01,	3.4350279052e-04,	2.5001471477e+00,	4.9994710693e+02,	5.0005289307e+02,	-2.1157228978e-03
1.5770000000e-01,	3.4329134870e-04,	2.5001471821e+00,	4.9994717214e+02,	5.0005282785e+02,	-2.1131142755e-03
1.5780000000e-01,	3.4308016751e-04,	2.5001472164e+00,	4.9994723724e+02,	5.0005276276e+02,	-2.1105104836e-03
1.5790000000e-01,	3.4286924645e-04,	2.5001472507e+00,	4.9994730221e+02,	5.0005269779e+02,	-2.1079115102e-03
1.5800000000e-01,	3.4265858504e-04,	2.5001472850e+00,	4.9994736706e+02,	5.0005263293e+02,	-2.1053173433e-03
1.5810000000e-01,	3.4244818282e-04,	2.5001473192e+00,	4.9994743180e+02,	5.0005256820e+02,	-2.1027279712e-03
1.5820000000e-01,	3.4223803929e-04,	2.5001473535e+00,	4.9994749641e+02,	5.0005250358e+02,	-2.1001433819e-03
1.5830000000e-01,	3.4202815398e-04,	2.5001473877e+00,	4.9994756091e+02,	5.0005243909e+02,	-2.0975635637e-03
1.5840000000e-01,	3.4181852642e-04,	2.5001474219e+00,	4.9994762529e+02,	5.0005237471e+02,	-2.0949885049e-03
1.5850000000e-01,	3.4160915612e-04,	2.5001474560e+00,	4.9994768954e+02,	5.0005231045e+02,	-2.0924181936e-03
1.5860000000e-01,	3.4140004262e-04,	2.5001474902e+00,	4.9994775368e+02,	5.0005224631e+02,	-2.0898526182e-03
1.5870000000e-01,	3.4119118544e-04,	2.5001475243e+00,	4.9994781770e+02,	5.0005218229e+02,	-2.0872917671e-03
1.5880000000e-01,	3.4098258411e-04,	2.5001475584e+00,	4.9994788161e+02,	5.0005211839e+02,	-2.0847356287e-03
1.5890000000e-01,	3.4077423816e-04,	2.5001475925e+00,	4.9994794539e+02,	5.0005205460e+02,	-2.0821841913e-03
1.5900000000e-01,	3.4056614712e-04,	2.5001476266e+00,	4.9994800906e+02,	5.0005199093e+02,	-2.0796374435e-03
1.5910000000e-01,	3.4035831052e-04,	2.5001476606e+00,	4.9994807261e+02,	5.0005192738e+02,	-2.0770953737e-03
1.5920000000e-01,	3.4015072789e-04,	2.5001476946e+00,	4.9994813605e+02,	5.0005186395e+02,	-2.0745579704e-03
1.5930000000e-01,	3.3994339877e-04,	2.5001477287e+00,	4.9994819937e+02,	5.0005180063e+02,	-2.0720252223e-03
1.5940000000e-01,	3.3973632269e-04,	2.5001477626e+00,	4.9994826257e+02,	5.0005173743e+02,	-2.0694971179e-03
1.5950000000e-01,	3.3952949919e-04,	2.5001477966e+00,	4.9994832566e+02,	5.0005167434e+02,	-2.0669736458e-03
1.5960000000e-01,	3.3932292781e-04,	2.5001478305e+00,	4.9994838863e+02,	5.0005161137e+02,	-2.0644547948e-03
1.5970000000e-01,	3.3911660808e-04,	2.5001478645e+00,	4.9994845148e+02,	5.0005154851e+02,	-2.0619405535e-03
1.5980000000e-01,	3.3891053954e-04,	2.5001478984e+00,	4.9994851423e+02,	5.0005148577e+02,	-2.0594309106e-03
1.5990000000e-01,	3.3870472174e-04,	2.5001479322e+00,	4.9994857685e+02,	5.0005142314e+02,	-2.0569258550e-03
1.6000000000e-01,	3.3849915422e-04,	2.5001479661e+00,	4.9994863936e+02,	5.0005136063e+02,	-2.0544253754e-03
1.6010000000e-01,	3.3829383651e-04,	2.5001479999e+00,	4.9994870176e+02,	5.0005129823e+02,	-2.0519294608e-03
1.6020000000e-01,	3.3808876817e-04,	2.5001480338e+00,	4.9994876405e+02,	5.0005123595e+02,	-2.0494380998e-03
1.6030000000e-01,	3.3788394874e-04,	2.5001480676e+00,	4.9994882622e+02,	5.0005117378e+02,	-2.0469512816e-03
1.6040000000e-01,	3.3767937777e-04,	2.5001481013e+00,	4.9994888827e+02,	5.0005111172e+02,	-2.0444689950e-03
1.6050000000e-01,	3.3747505479e-04,	2.5001481351e+00,	4.9994895022e+02,	5.0005104978e+02,	-2.0419912289e-03
1.6060000000e-01,	3.3727097937e-04,	2.5001481688e+00,	4.9994901205e+02,	5.0005098795e+02,	-2.0395179725e-03
1.6070000000e-01,	3.3706715105e-04,	2.5001482026e+00,	4.9994907377e+02,	5.0005092623e+02,	-2.0370492147e-03
1.6080000000e-01,	3.3686356938e-04,	2.5001482362e+00,	4.9994913537e+02,	5.0005086462e+02,	-2.0345849446e-03
1.6090000000e-01,	3.3666023391e-04,	2.5001482699e+00,	4.9994919687e+02,	5.0005080313e+02,	-2.0321251513e-03
1.6100000000e-01,	3.3645714420e-04,	2.5001483036e+00,	4.9994925825e+02,	5.0005074174e+02,	-2.0296698241e-03
1.6110000000e-01,	3.3625429980e-04,	2.5001483372e+00,	4.9994931952e+02,	5.0005068047e+02,	-2.0272189519e-03
1.6120000000e-01,	3.3605170026e-04,	2.5001483708e+00,	4.9994938069e+02,	5.0005061931e+02,	-2.0247725242e-03
1.6130000000e-01,	3.3584934514e-04,	2.5001484044e+00,	4.9994944173e+02,	5.0005055826e+02,	-2.0223305300e-03
1.6140000000e-01,	3.3564723401e-04,	2.5001484380e+00,	4.9994950267e+02,	5.0005049732e+02,	-2.0198929587e-03
1.6150000000e-01,	3.3544536641e-04,	2.5001484716e+00,	4.9994956350e+02,	5.0005043649e+02,	-2.0174597996e-03
1.6160000000e-01,	3.3524374190e-04,	2.5001485051e+00,	4.9994962422e+02,	5.0005037577e+02,	-2.0150310421e-03
1.6170000000e-01,	3.3504236005e-04,	2.5001485386e+00,	4.9994968483e+02,	5.0005031517e+02,	-2.0126066754e-03
1.6180000000e-01,	3.3484122042e-04,	2.5001485721e+00,	4.9994974533e+02,	5.0005025467e+02,	-2.0101866890e-03
1.6190000000e-01,	3.3464032257e-04,	2.5001486056e+00,	4.9994980572e+02,	5.0005019428e+02,	-2.0077710724e-03
1.6200000000e-01,	3.3443966606e-04,	2.5001486390e+00,	4.9994986600e+02,	5.0005013399e+02,	-2.0053598149e-03
1.6210000000e-01,	3.3423925046e-04,	2.5001486725e+00,	4.9994992618e+02,	5.0005007382e+02,	-2.0029529062e-03
1.6220000000e-01,	3.3403907533e-04,	2.5001487059e+00,	4.9994998624e+02,	5.0005001376e+02,	-2.0005503356e-03
1.6230000000e-01,	3.3383914025e-04,	2.5001487393e+00,	4.9995004620e+02,	5.0004995380e+02,	-1.9981520929e-03
1.6240000000e-01,	3.3363944477e-04,	2.5001487726e+00,	4.9995010604e+02,	5.0004989395e+02,	-1.9957581676e-03
1.6250000000e-01,	3.3343998847e-04,	2.5001488060e+00,	4.9995016578e+02,	5.0004983421e+02,	-1.9933685492e-03
1.6260000000e-01,	3.3324077092e-04,	2.5001488393e+00,	4.9995022542e+02,	5.0004977458e+02,	-1.9909832276e-03
1.6270000000e-01,	3.3304179168e-04,	2.5001488726e+00,	4.9995028494e+02,	5.0004971505e+02,	-1.9886021923e-03
1.6280000000e-01,	3.3284305034e-04,	2.5001489059e+00,	4.9995034436e+02,	5.0004965563e+02,	-1.9862254330e-03
1.6290000000e-01,	3.3264454645e-04,	2.5001489392e+00,	4.9995040367e+02,	5.0004959632e+02,	-1.9838529396e-03
1.6300000000e-01,	3.3244627961e-04,	2.5001489725e+00,	4.9995046288e+02,	5.0004953712e+02,	-1.9814847018e-03
1.6310000000e-01,	3.3224824937e-04,	2.5001490057e+00,	4.9995052198e+02,	5.0004947802e+02,	-1.9791207094e-03
1.6320000000e-01,	3.3205045532e-04,	2.5001490389e+00,	4.9995058097e+02,	5.0004941902e+02,	-1.9767609523e-03
1.6330000000e-01,	3.3185289704e-04,	2.5001490721e+00,	4.9995063986e+02,	5.0004936013e+02,	-1.9744054203e-03
1.6340000000e-01,	3.3165557410e-04,	2.5001491053e+00,	4.9995069865e+02,	5.0004930135e+02,	-1.9720541033e-03
1.6350000000e-01,	3.3145848608e-04,	2.5001491384e+00,	4.9995075732e+02,	5.0004924267e+02,	-1.9697069913e-03
1.6360000000e-01,	3.3126163256e-04,	2.5001491716e+00,	4.9995081590e+02,	5.0004918410e+02,	-1.9673640742e-03
1.6370000000e-01,	3.3106501313e-04,	2.5001492047e+00,	4.9995087436e+02,	5.0004912563e+02,	-1.9650253421e-03
1.6380000000e-01,	3.3086862735e-04,	2.5001492378e+00,	4.9995093273e+02,	5.0004906727e+02,	-1.9626907848e-03
1.6390000000e-01,	3.3067247483e-04,	2.5001492709e+00,	4.9995099099e+02,	5.0004900901e+02,	-1.9603603926e-03
1.6400000000e-01,	3.3047655514e-04,	2.5001493039e+00,	4.9995104914e+02,	5.0004895085e+02,	-1.9580341554e-03
1.6410000000e-01,	3.3028086786e-04,	2.5001493370e+00,	4.9995110720e+02,	5.0004889280e+02,	-1.9557120634e-03
1.6420000000e-01,	3.3008541259e-04,	2.5001493700e+00,	4.9995116515e+02,	5.0004883485e+02,	-1.9533941067e-03
1.6430000000e-01,	3.2989018890e-04,	2.5001494030e+00,	4.9995122299e+02,	5.0004877701e+02,	-1.9510802755e-03
1.6440000000e-01,	3.2969519639e-04,	2.5001494360e+00,	4.9995128073e+02,	5.0004871926e+02,	-1.9487705600e-03
1.6450000000e-01,	3.2950043465e-04,	2.5001494689e+00,	4.9995133837e+02,	5.0004866162e+02,	-1.9464649505e-03
1.6460000000e-01,	3.2930590327e-04,	2.5001495019e+00,	4.9995139591e+02,	5.0004860408e+02,	-1.9441634371e-03
1.6470000000e-01,	3.2911160183e-04,	2.5001495348e+00,	4.9995145335e+02,	5.0004854665e+02,	-1.9418660102e-03
1.6480000000e-01,	3.2891752993e-04,	2.5001495677e+00,	4.9995151068e+02,	5.0004848931e+02,	-1.9395726600e-03
1.6490000000e-01,	3.2872368716e-04,	2.5001496006e+00,	4.9995156791e+02,	5.0004843208e+02,	-1.9372833770e-03
1.6500000000e-01,	3.2853007312e-04,	2.5001496334e+00,	4.9995162504e+02,	5.0004837495e+02,	-1.9349981514e-03
1.6510000000e-01,	3.2833668740e-04,	2.5001496663e+00,	4.9995168207e+02,	5.0004831792e+02,	-1.9327169738e-03
1.6520000000e-01,	3.2814352959e-04,	2.5001496991e+00,	4.9995173900e+02,	5.0004826099e+02,	-1.9304398345e-03
1.6530000000e-01,	3.2795059929e-04,	2.5001497319e+00,	4.9995179583e+02,	5.0004820417e+02,	-1.9281667240e-03
1.6540000000e-01,	3.2775789611e-04,	2.5001497647e+00,	4.9995185256e+02,	5.0004814744e+02,	-1.9258976327e-03
1.6550000000e-01,	3.2756541963e-04,	2.5001497975e+00,	4.9995190918e+02,	5.0004809081e+02,	-1.9236325512e-03
1.6560000000e-01,	3.2737316947e-04,	2.5001498302e+00,	4.9995196571e+02,	5.0004803429e+02,	-1.9213714701e-03
1.6570000000e-01,	3.2718114521e-04,	2.5001498629e+00,	4.9995202214e+02,	5.0004797786e+02,	-1.9191143798e-03
1.6580000000e-01,	3.2698934646e-04,	2.5001498956e+00,	4.9995207847e+02,	5.0004792153e+02,	-1.9168612711e-03
1.6590000000e-01,	3.2679777282e-04,	2.5001499283e+00,	4.9995213470e+02,	5.0004786530e+02,	-1.9146121344e-03
1.6600000000e-01,	3.2660642390e-04,	2.5001499610e+00,	4.9995219082e+02,	5.0004780917e+02,	-1.9123669605e-03
1.6610000000e-01,	3.2641529930e-04,	2.5001499936e+00,	4.9995224685e+02,	5.0004775314e+02,	-1.9101257401e-03
1.6620000000e-01,	3.2622439862e-04,	2.5001500263e+00,	4.9995230279e+02,	5.0004769721e+02,	-1.9078884638e-03
1.6630000000e-01,	3.2603372147e-04,	2.5001500589e+00,	4.9995235862e+02,	5.0004764138e+02,	-1.9056551224e-03
1.6640000000e-01,	3.2584326746e-04,	2.5001500915e+00,	4.9995241436e+02,	5.0004758564e+02,	-1.9034257067e-03
1.6650000000e-01,	3.2565303620e-04,	2.5001501241e+00,	4.9995246999e+02,	5.0004753000e+02,	-1.9012002075e-03
1.6660000000e-01,	3.2546302729e-04,	2.5001501566e+00,	4.9995252553e+02,	5.0004747446e+02,	-1.8989786154e-03
1.6670000000e-01,	3.2527324035e-04,	2.5001501892e+00,	4.9995258098e+02,	5.0004741902e+02,	-1.8967609215e-03
1.6680000000e-01,	3.2508367498e-04,	2.5001502217e+00,	4.9995263632e+02,	5.0004736368e+02,	-1.8945471166e-03
1.6690000000e-01,	3.2489433080e-04,	2.5001502542e+00,	4.9995269157e+02,	5.0004730843e+02,	-1.8923371916e-03
1.6700000000e-01,	3.2470520741e-04,	2.5001502866e+00,	4.9995274672e+02,	5.0004725328e+02,	-1.8901311373e-03
1.6710000000e-01,	3.2451630444e-04,	2.5001503191e+00,	4.9995280177e+02,	5.0004719822e+02,	-1.8879289448e-03
1.6720000000e-01,	3.2432762149e-04,	2.5001503516e+00,	4.9995285673e+02,	5.0004714326e+02,	-1.8857306051e-03
1.6730000000e-01,	3.2413915819e-04,	2.5001503840e+00,	4.9995291160e+02,	5.0004708840e+02,	-1.8835361090e-03
1.6740000000e-01,	3.2395091414e-04,	2.5001504164e+00,	4.9995296636e+02,	5.0004703363e+02,	-1.8813454477e-03
1.6750000000e-01,	3.2376288897e-04,	2.5001504488e+00,	4.9995302103e+02,	5.0004697896e+02,	-1.8791586123e-03
1.6760000000e-01,	3.2357508229e-04,	2.5001504811e+00,	4.9995307561e+02,	5.0004692439e+02,	-1.8769755937e-03
1.6770000000e-01,	3.2338749373e-04,	2.5001505135e+00,	4.9995313009e+02,	5.0004686991e+02,	-1.8747963831e-03
1.6780000000e-01,	3.2320012289e-04,	2.5001505458e+00,	4.9995318447e+02,	5.0004681552e+02,	-1.8726209717e-03
1.6790000000e-01,	3.2301296941e-04,	2.5001505781e+00,	4.9995323876e+02,	5.0004676123e+02,	-1.8704493506e-03
1.6800000000e-01,	3.2282603290e-04,	2.5001506104e+00,	4.9995329296e+02,	5.0004670704e+02,	-1.8682815109e-03
1.6810000000e-01,	3.2263931298e-04,	2.5001506427e+00,	4.9995334706e+02,	5.0004665293e+02,	-1.8661174440e-03
1.6820000000e-01,	3.2245280928e-04,	2.5001506749e+00,	4.9995340107e+02,	5.0004659893e+02,	-1.8639571410e-03
1.6830000000e-01,	3.2226652143e-04,	2.5001507072e+00,	4.9995345498e+02,	5.0004654501e+02,	-1.8618005932e-03
1.6840000000e-01,	3.2208044904e-04,	2.5001507394e+00,	4.9995350880e+02,	5.0004649119e+02,	-1.8596477918e-03
1.6850000000e-01,	3.2189459174e-04,	2.5001507716e+00,	4.9995356253e+02,	5.0004643747e+02,	-1.8574987283e-03
1.6860000000e-01,	3.2170894917e-04,	2.5001508038e+00,	4.9995361616e+02,	5.0004638383e+02,	-1.8553533939e-03
1.6870000000e-01,	3.2152352094e-04,	2.5001508359e+00,	4.9995366970e+02,	5.0004633029e+02,	-1.8532117800e-03
1.6880000000e-01,	3.2133830669e-04,	2.5001508681e+00,	4.9995372315e+02,	5.0004627685e+02,	-1.8510738779e-03
1.6890000000e-01,	3.2115330604e-04,	2.5001509002e+00,	4.9995377651e+02,	5.0004622349e+02,	-1.8489396792e-03
1.6900000000e-01,	3.2096851863e-04,	2.5001509323e+00,	4.9995382977e+02,	5.0004617023e+02,	-1.8468091752e-03
1.6910000000e-01,	3.2078394408e-04,	2.5001509644e+00,	4.9995388294e+02,	5.0004611706e+02,	-1.8446823574e-03
1.6920000000e-01,	3.2059958203e-04,	2.5001509965e+00,	4.9995393602e+02,	5.0004606398e+02,	-1.8425592173e-03
1.6930000000e-01,	3.2041543212e-04,	2.5001510285e+00,	4.9995398900e+02,	5.0004601099e+02,	-1.8404397464e-03
1.6940000000e-01,	3.2023149396e-04,	2.5001510605e+00,	4.9995404190e+02,	5.0004595810e+02,	-1.8383239362e-03
1.6950000000e-01,	3.2004776721e-04,	2.5001510926e+00,	4.9995409470e+02,	5.0004590529e+02,	-1.8362117783e-03
1.6960000000e-01,	3.1986425149e-04,	2.5001511246e+00,	4.9995414742e+02,	5.0004585258e+02,	-1.8341032643e-03
1.6970000000e-01,	3.1968094643e-04,	2.5001511565e+00,	4.9995420004e+02,	5.0004579996e+02,	-1.8319983858e-03
1.6980000000e-01,	3.1949785169e-04,	2.5001511885e+00,	4.9995425257e+02,	5.0004574743e+02,	-1.8298971344e-03
1.6990000000e-01,	3.1931496689e-04,	2.5001512204e+00,	4.9995430501e+02,	5.0004569499e+02,	-1.8277995018e-03
1.7000000000e-01,	3.1913229167e-04,	2.5001512524e+00,	4.9995435736e+02,	5.0004564264e+02,	-1.8257054797e-03
1.7010000000e-01,	3.1894982567e-04,	2.5001512843e+00,	4.9995440962e+02,	5.0004559038e+02,	-1.8236150597e-03
1.7020000000e-01,	3.1876756854e-04,	2.5001513161e+00,	4.9995446179e+02,	5.0004553820e+02,	-1.8215282336e-03
1.7030000000e-01,	3.1858551990e-04,	2.5001513480e+00,	4.9995451387e+02,	5.0004548612e+02,	-1.8194449932e-03
1.7040000000e-01,	3.1840367942e-04,	2.5001513799e+00,	4.9995456587e+02,	5.0004543413e+02,	-1.8173653302e-03
1.7050000000e-01,	3.1822204672e-04,	2.5001514117e+00,	4.9995461777e+02,	5.0004538223e+02,	-1.8152892364e-03
1.7060000000e-01,	3.1804062145e-04,	2.5001514435e+00,	4.9995466958e+02,	5.0004533042e+02,	-1.8132167037e-03
1.7070000000e-01,	3.1785940326e-04,	2.5001514753e+00,	4.9995472131e+02,	5.0004527869e+02,	-1.8111477239e-03
1.7080000000e-01,	3.1767839179e-04,	2.5001515071e+00,	4.9995477294e+02,	5.0004522706e+02,	-1.8090822889e-03
1.7090000000e-01,	3.1749758668e-04,	2.5001515388e+00,	4.9995482449e+02,	5.0004517551e+02,	-1.8070203905e-03
1.7100000000e-01,	3.1731698759e-04,	2.5001515706e+00,	4.9995487595e+02,	5.0004512405e+02,	-1.8049620207e-03
1.7110000000e-01,	3.1713659416e-04,	2.5001516023e+00,	4.9995492732e+02,	5.0004507268e+02,	-1.8029071715e-03
1.7120000000e-01,	3.1695640604e-04,	2.5001516340e+00,	4.9995497860e+02,	5.0004502139e+02,	-1.8008558347e-03
1.7130000000e-01,	3.1677642288e-04,	2.5001516657e+00,	4.9995502980e+02,	5.0004497020e+02,	-1.7988080024e-03
1.7140000000e-01,	3.1659664432e-04,	2.5001516974e+00,	4.9995508091e+02,	5.0004491909e+02,	-1.7967636666e-03
1.7150000000e-01,	3.1641707003e-04,	2.5001517290e+00,	4.9995513193e+02,	5.0004486807e+02,	-1.7947228193e-03
1.7160000000e-01,	3.1623769964e-04,	2.5001517606e+00,	4.9995518286e+02,	5.0004481713e+02,	-1.7926854526e-03
1.7170000000e-01,	3.1605853282e-04,	2.5001517923e+00,	4.9995523371e+02,	5.0004476629e+02,	-1.7906515585e-03
1.7180000000e-01,	3.1587956922e-04,	2.5001518239e+00,	4.9995528447e+02,	5.0004471553e+02,	-1.7886211292e-03
1.7190000000e-01,	3.1570080848e-04,	2.5001518554e+00,	4.9995533514e+02,	5.0004466485e+02,	-1.7865941568e-03
1.7200000000e-01,	3.1552225027e-04,	2.5001518870e+00,	4.9995538573e+02,	5.0004461426e+02,	-1.7845706333e-03
1.7210000000e-01,	3.1534389424e-04,	2.5001519185e+00,	4.9995543623e+02,	5.0004456376e+02,	-1.7825505511e-03
1.7220000000e-01,	3.1516574005e-04,	2.5001519501e+00,	4.9995548665e+02,	5.0004451335e+02,	-1.7805339022e-03
1.7230000000e-01,	3.1498778735e-04,	2.5001519816e+00,	4.9995553698e+02,	5.0004446302e+02,	-1.7785206789e-03
1.7240000000e-01,	3.1481003580e-04,	2.5001520131e+00,	4.9995558723e+02,	5.0004441277e+02,	-1.7765108734e-03
1.7250000000e-01,	3.1463248506e-04,	2.5001520445e+00,	4.9995563739e+02,	5.0004436261e+02,	-1.7745044780e-03
1.7260000000e-01,	3.1445513479e-04,	2.5001520760e+00,	4.9995568746e+02,	5.0004431254e+02,	-1.7725014850e-03
1.7270000000e-01,	3.1427798465e-04,	2.5001521074e+00,	4.9995573745e+02,	5.0004426255e+02,	-1.7705018866e-03
1.7280000000e-01,	3.1410103430e-04,	2.5001521388e+00,	4.9995578736e+02,	5.0004421264e+02,	-1.7685056752e-03
1.7290000000e-01,	3.1392428340e-04,	2.5001521702e+00,	4.9995583718e+02,	5.0004416282e+02,	-1.7665128431e-03
1.7300000000e-01,	3.1374773162e-04,	2.5001522016e+00,	4.9995588691e+02,	5.0004411308e+02,	-1.7645233827e-03
1.7310000000e-01,	3.1357137861e-04,	2.5001522330e+00,	4.9995593657e+02,	5.0004406343e+02,	-1.7625372863e-03
1.7320000000e-01,	3.1339522405e-04,	2.5001522643e+00,	4.9995598613e+02,	5.0004401386e+02,	-1.7605545465e-03
1.7330000000e-01,	3.1321926759e-04,	2.5001522957e+00,	4.9995603562e+02,	5.0004396438e+02,	-1.7585751555e-03
1.7340000000e-01,	3.1304350891e-04,	2.5001523270e+00,	4.9995608502e+02,	5.0004391498e+02,	-1.7565991059e-03
1.7350000000e-01,	3.1286794766e-04,	2.5001523583e+00,	4.9995613434e+02,	5.0004386566e+02,	-1.7546263901e-03
1.7360000000e-01,	3.1269258352e-04,	2.5001523896e+00,	4.9995618357e+02,	5.0004381642e+02,	-1.7526570007e-03
1.7370000000e-01,	3.1251741615e-04,	2.5001524208e+00,	4.9995623273e+02,	5.0004376727e+02,	-1.7506909301e-03
1.7380000000e-01,	3.1234244522e-04,	2.5001524521e+00,	4.9995628179e+02,	5.0004371820e+02,	-1.7487281708e-03
1.7390000000e-01,	3.1216767040e-04,	2.5001524833e+00,	4.9995633078e+02,	5.0004366922e+02,	-1.7467687155e-03
1.7400000000e-01,	3.1199309137e-04,	2.5001525145e+00,	4.9995637968e+02,	5.0004362031e+02,	-1.7448125567e-03
1.7410000000e-01,	3.1181870778e-04,	2.5001525457e+00,	4.9995642851e+02,	5.0004357149e+02,	-1.7428596870e-03
1.7420000000e-01,	3.1164451932e-04,	2.5001525769e+00,	4.9995647725e+02,	5.0004352275e+02,	-1.7409100991e-03
1.7430000000e-01,	3.1147052565e-04,	2.5001526080e+00,	4.9995652590e+02,	5.0004347409e+02,	-1.7389637854e-03
1.7440000000e-01,	3.1129672645e-04,	2.5001526392e+00,	4.9995657448e+02,	5.0004342552e+02,	-1.7370207389e-03
1.7450000000e-01,	3.1112312140e-04,	2.5001526703e+00,	4.9995662297e+02,	5.0004337702e+02,	-1.7350809520e-03
1.7460000000e-01,	3.1094971016e-04,	2.5001527014e+00,	4.9995667139e+02,	5.0004332861e+02,	-1.7331444175e-03
1.7470000000e-01,	3.1077649241e-04,	2.5001527325e+00,	4.9995671972e+02,	5.0004328028e+02,	-1.7312111282e-03
1.7480000000e-01,	3.1060346782e-04,	2.5001527635e+00,	4.9995676797e+02,	5.0004323203e+02,	-1.7292810767e-03
1.7490000000e-01,	3.1043063608e-04,	2.5001527946e+00,	4.9995681614e+02,	5.0004318386e+02,	-1.7273542559e-03
1.7500000000e-01,	3.1025799686e-04,	2.5001528256e+00,	4.9995686423e+02,	5.0004313577e+02,	-1.7254306585e-03
1.7510000000e-01,	3.1008554984e-04,	2.5001528566e+00,	4.9995691224e+02,	5.0004308776e+02,	-1.7235102773e-03
1.7520000000e-01,	3.0991329470e-04,	2.5001528876e+00,	4.9995696017e+02,	5.0004303983e+02,	-1.7215931052e-03
1.7530000000e-01,	3.0974123112e-04,	2.5001529186e+00,	4.9995700802e+02,	5.0004299198e+02,	-1.7196791349e-03
1.7540000000e-01,	3.0956935877e-04,	2.5001529496e+00,	4.9995705579e+02,	5.0004294421e+02,	-1.7177683594e-03
1.7550000000e-01,	3.0939767734e-04,	2.5001529805e+00,	4.9995710348e+02,	5.0004289652e+02,	-1.7158607715e-03
1.7560000000e-01,	3.0922618651e-04,	2.5001530115e+00,	4.9995715109e+02,	5.0004284891e+02,	-1.7139563642e-03
1.7570000000e-01,	3.0905488596e-04,	2.5001530424e+00,	4.9995719862e+02,	5.0004280138e+02,	-1.7120551303e-03
1.7580000000e-01,	3.0888377538e-04,	2.5001530733e+00,	4.9995724607e+02,	5.0004275393e+02,	-1.7101570629e-03
1.7590000000e-01,	3.0871285444e-04,	2.5001531042e+00,	4.9995729344e+02,	5.0004270655e+02,	-1.7082621548e-03
1.7600000000e-01,	3.0854212284e-04,	2.5001531350e+00,	4.9995734074e+02,	5.0004265926e+02,	-1.7063703990e-03
1.7610000000e-01,	3.0837158026e-04,	2.5001531659e+00,	4.9995738795e+02,	5.0004261204e+02,	-1.7044817886e-03
1.7620000000e-01,	3.0820122638e-04,	2.5001531967e+00,	4.9995743509e+02,	5.0004256491e+02,	-1.7025963166e-03
1.7630000000e-01,	3.0803106089e-04,	2.5001532275e+00,	4.9995748215e+02,	5.0004251785e+02,	-1.7007139759e-03
1.7640000000e-01,	3.0786108348e-04,	2.5001532583e+00,	4.9995752913e+02,	5.0004247087e+02,	-1.6988347598e-03
1.7650000000e-01,	3.0769129383e-04,	2.5001532891e+00,	4.9995757603e+02,	5.0004242397e+02,	-1.6969586612e-03
1.7660000000e-01,	3.0752169164e-04,	2.5001533198e+00,	4.9995762286e+02,	5.0004237714e+02,	-1.6950856732e-03
1.7670000000e-01,	3.0735227659e-04,	2.5001533506e+00,	4.9995766960e+02,	5.0004233039e+02,	-1.6932157890e-03
1.7680000000e-01,	3.0718304838e-04,	2.5001533813e+00,	4.9995771627e+02,	5.0004228372e+02,	-1.6913490017e-03
1.7690000000e-01,	3.0701400669e-04,	2.5001534120e+00,	4.9995776287e+02,	5.0004223713e+02,	-1.6894853044e-03
1.7700000000e-01,	3.0684515122e-04,	2.5001534427e+00,	4.9995780938e+02,	5.0004219062e+02,	-1.6876246904e-03
1.7710000000e-01,	3.0667648165e-04,	2.5001534734e+00,	4.9995785582e+02,	5.0004214418e+02,	-1.6857671528e-03
1.7720000000e-01,	3.0650799768e-04,	2.5001535040e+00,	4.9995790218e+02,	5.0004209782e+02,	-1.6839126848e-03
1.7730000000e-01,	3.0633969901e-04,	2.5001535347e+00,	4.9995794847e+02,	5.0004205153e+02,	-1.6820612797e-03
1.7740000000e-01,	3.0617158533e-04,	2.5001535653e+00,	4.9995799468e+02,	5.0004200532e+02,	-1.6802129307e-03
1.7750000000e-01,	3.0600365632e-04,	2.5001535959e+00,	4.9995804081e+02,	5.0004195919e+02,	-1.6783676310e-03
1.7760000000e-01,	3.0583591170e-04,	2.5001536265e+00,	4.9995808686e+02,	5.0004191313e+02,	-1.6765253741e-03
1.7770000000e-01,	3.0566835115e-04,	2.5001536571e+00,	4.9995813284e+02,	5.0004186715e+02,	-1.6746861531e-03
1.7780000000e-01,	3.0550097437e-04,	2.5001536877e+00,	4.9995817875e+02,	5.0004182125e+02,	-1.6728499614e-03
1.7790000000e-01,	3.0533378105e-04,	2.5001537182e+00,	4.9995822458e+02,	5.0004177542e+02,	-1.6710167923e-03
1.7800000000e-01,	3.0516677091e-04,	2.5001537487e+00,	4.9995827033e+02,	5.0004172966e+02,	-1.6691866392e-03
1.7810000000e-01,	3.0499994363e-04,	2.5001537792e+00,	4.9995831601e+02,	5.0004168399e+02,	-1.6673594955e-03
1.7820000000e-01,	3.0483329891e-04,	2.5001538097e+00,	4.9995836161e+02,	5.0004163838e+02,	-1.6655353546e-03
1.7830000000e-01,	3.0466683646e-04,	2.5001538402e+00,	4.9995840714e+02,	5.0004159285e+02,	-1.6637142098e-03
1.7840000000e-01,	3.0450055597e-04,	2.5001538707e+00,	4.9995845260e+02,	5.0004154740e+02,	-1.6618960546e-03
1.7850000000e-01,	3.0433445715e-04,	2.5001539011e+00,	4.9995849798e+02,	5.0004150202e+02,	-1.6600808825e-03
1.7860000000e-01,	3.0416853969e-04,	2.5001539315e+00,	4.9995854328e+02,	5.0004145672e+02,	-1.6582686870e-03
1.7870000000e-01,	3.0400280331e-04,	2.5001539619e+00,	4.9995858851e+02,	5.0004141149e+02,	-1.6564594615e-03
1.7880000000e-01,	3.0383724770e-04,	2.5001539923e+00,	4.9995863367e+02,	5.0004136633e+02,	-1.6546531995e-03
1.7890000000e-01,	3.0367187257e-04,	2.5001540227e+00,	4.9995867875e+02,	5.0004132125e+02,	-1.6528498945e-03
1.7900000000e-01,	3.0350667762e-04,	2.5001540531e+00,	4.9995872376e+02,	5.0004127624e+02,	-1.6510495401e-03
1.7910000000e-01,	3.0334166256e-04,	2.5001540834e+00,	4.9995876870e+02,	5.0004123130e+02,	-1.6492521299e-03
1.7920000000e-01,	3.0317682710e-04,	2.5001541137e+00,	4.9995881356e+02,	5.0004118644e+02,	-1.6474576573e-03
1.7930000000e-01,	3.0301217094e-04,	2.5001541440e+00,	4.9995885835e+02,	5.0004114165e+02,	-1.6456661161e-03
1.7940000000e-01,	3.0284769378e-04,	2.5001541743e+00,	4.9995890306e+02,	5.0004109694e+02,	-1.6438774998e-03
1.7950000000e-01,	3.0268339534e-04,	2.5001542046e+00,	4.9995894770e+02,	5.0004105229e+02,	-1.6420918021e-03
1.7960000000e-01,	3.0251927532e-04,	2.5001542349e+00,	4.9995899227e+02,	5.0004100772e+02,	-1.6403090165e-03
1.7970000000e-01,	3.0235533344e-04,	2.5001542651e+00,	4.9995903677e+02,	5.0004096323e+02,	-1.6385291368e-03
1.7980000000e-01,	3.0219156940e-04,	2.5001542953e+00,	4.9995908119e+02,	5.0004091880e+02,	-1.6367521566e-03
1.7990000000e-01,	3.0202798291e-04,	2.5001543255e+00,	4.9995912555e+02,	5.0004087445e+02,	-1.6349780697e-03
1.8000000000e-01,	3.0186457369e-04,	2.5001543557e+00,	4.9995916983e+02,	5.0004083017e+02,	-1.6332068697e-03
1.8010000000e-01,	3.0170134144e-04,	2.5001543859e+00,	4.9995921404e+02,	5.0004078596e+02,	-1.6314385504e-03
1.8020000000e-01,	3.0153828588e-04,	2.5001544161e+00,	4.9995925817e+02,	5.0004074183e+02,	-1.6296731054e-03
1.8030000000e-01,	3.0137540672e-04,	2.5001544462e+00,	4.9995930224e+02,	5.0004069776e+02,	-1.6279105287e-03
1.8040000000e-01,	3.0121270368e-04,	2.5001544764e+00,	4.9995934623e+02,	5.0004065377e+02,	-1.6261508139e-03
1.8050000000e-01,	3.0105017647e-04,	2.5001545065e+00,	4.9995939015e+02,	5.0004060985e+02,	-1.6243939550e-03
1.8060000000e-01,	3.0088782479e-04,	2.5001545366e+00,	4.9995943400e+02,	5.0004056600e+02,	-1.6226399455e-03
1.8070000000e-01,	3.0072564838e-04,	2.5001545666e+00,	4.9995947778e+02,	5.0004052222e+02,	-1.6208887795e-03
1.8080000000e-01,	3.0056364694e-04,	2.5001545967e+00,	4.9995952149e+02,	5.0004047851e+02,	-1.6191404508e-03
1.8090000000e-01,	3.0040182020e-04,	2.5001546268e+00,	4.9995956513e+02,	5.0004043487e+02,	-1.6173949532e-03
1.8100000000e-01,	3.0024016786e-04,	2.5001546568e+00,	4.9995960869e+02,	5.0004039131e+02,	-1.6156522806e-03
1.8110000000e-01,	3.0007868965e-04,	2.5001546868e+00,	4.9995965219e+02,	5.0004034781e+02,	-1.6139124269e-03
1.8120000000e-01,	2.9991738528e-04,	2.5001547168e+00,	4.9995969561e+02,	5.0004030438e+02,	-1.6121753860e-03
1.8130000000e-01,	2.9975625448e-04,	2.5001547468e+00,	4.9995973897e+02,	5.0004026103e+02,	-1.6104411519e-03
1.8140000000e-01,	2.9959529696e-04,	2.5001547768e+00,	4.9995978226e+02,	5.0004021774e+02,	-1.6087097184e-03
1.8150000000e-01,	2.9943451244e-04,	2.5001548067e+00,	4.9995982547e+02,	5.0004017453e+02,	-1.6069810797e-03
1.8160000000e-01,	2.9927390065e-04,	2.5001548366e+00,	4.9995986862e+02,	5.0004013138e+02,	-1.6052552296e-03
1.8170000000e-01,	2.9911346130e-04,	2.5001548666e+00,	4.9995991169e+02,	5.0004008830e+02,	-1.6035321621e-03
1.8180000000e-01,	2.9895319412e-04,	2.5001548965e+00,	4.9995995470e+02,	5.0004004530e+02,	-1.6018118713e-03
1.8190000000e-01,	2.9879309883e-04,	2.5001549264e+00,	4.9995999764e+02,	5.0004000236e+02,	-1.6000943512e-03
1.8200000000e-01,	2.9863317516e-04,	2.5001549562e+00,	4.9996004051e+02,	5.0003995949e+02,	-1.5983795958e-03
1.8210000000e-01,	2.9847342282e-04,	2.5001549861e+00,	4.9996008331e+02,	5.0003991669e+02,	-1.5966675991e-03
1.8220000000e-01,	2.9831384155e-04,	2.5001550159e+00,	4.9996012604e+02,	5.0003987396e+02,	-1.5949583554e-03
1.8230000000e-01,	2.9815443106e-04,	2.5001550457e+00,	4.9996016870e+02,	5.0003983130e+02,	-1.5932518586e-03
1.8240000000e-01,	2.9799519108e-04,	2.5001550755e+00,	4.9996021130e+02,	5.0003978870e+02,	-1.5915481029e-03
1.8250000000e-01,	2.9783612135e-04,	2.5001551053e+00,	4.9996025382e+02,	5.0003974618e+02,	-1.5898470824e-03
1.8260000000e-01,	2.9767722158e-04,	2.5001551351e+00,	4.9996029628e+02,	5.0003970372e+02,	-1.5881487912e-03
1.8270000000e-01,	2.9751849150e-04,	2.5001551649e+00,	4.9996033867e+02,	5.0003966133e+02,	-1.5864532235e-03
1.8280000000e-01,	2.9735993084e-04,	2.5001551946e+00,	4.9996038099e+02,	5.0003961901e+02,	-1.5847603735e-03
1.8290000000e-01,	2.9720153933e-04,	2.5001552243e+00,	4.9996042324e+02,	5.0003957675e+02,	-1.5830702353e-03
1.8300000000e-01,	2.9704331670e-04,	2.5001552541e+00,	4.9996046543e+02,	5.0003953457e+02,	-1.5813828031e-03
1.8310000000e-01,	2.9688526268e-04,	2.5001552838e+00,	4.9996050755e+02,	5.0003949245e+02,	-1.5796980713e-03
1.8320000000e-01,	2.9672737700e-04,	2.5001553134e+00,	4.9996054960e+02,	5.0003945040e+02,	-1.5780160339e-03
1.8330000000e-01,	2.9656965939e-04,	2.5001553431e+00,	4.9996059158e+02,	5.0003940842e+02,	-1.5763366853e-03
1.8340000000e-01,	2.9641210957e-04,	2.5001553728e+00,	4.9996063350e+02,	5.0003936650e+02,	-1.5746600197e-03
1.8350000000e-01,	2.9625472729e-04,	2.5001554024e+00,	4.9996067535e+02,	5.0003932465e+02,	-1.5729860314e-03
1.8360000000e-01,	2.9609751228e-04,	2.5001554320e+00,	4.9996071713e+02,	5.0003928287e+02,	-1.5713147147e-03
1.8370000000e-01,	2.9594046426e-04,	2.5001554616e+00,	4.9996075885e+02,	5.0003924115e+02,	-1.5696460639e-03
1.8380000000e-01,	2.9578358298e-04,	2.5001554912e+00,	4.9996080050e+02,	5.0003919950e+02,	-1.5679800734e-03
1.8390000000e-01,	2.9562686816e-04,	2.5001555208e+00,	4.9996084208e+02,	5.0003915792e+02,	-1.5663167374e-03
1.8400000000e-01,	2.9547031954e-04,	2.5001555503e+00,	4.9996088360e+02,	5.0003911640e+02,	-1.5646560503e-03
1.8410000000e-01,	2.9531393686e-04,	2.5001555799e+00,	4.9996092505e+02,	5.0003907495e+02,	-1.5629980065e-03
1.8420000000e-01,	2.9515771985e-04,	2.5001556094e+00,	4.9996096643e+02,	5.0003903356e+02,	-1.5613426004e-03
1.8430000000e-01,	2.9500166825e-04,	2.5001556389e+00,	4.9996100775e+02,	5.0003899224e+02,	-1.5596898264e-03
1.8440000000e-01,	2.9484578180e-04,	2.5001556684e+00,	4.9996104901e+02,	5.0003895099e+02,	-1.5580396789e-03
1.8450000000e-01,	2.9469006023e-04,	2.5001556979e+00,	4.9996109020e+02,	5.0003890980e+02,	-1.5563921523e-03
1.8460000000e-01,	2.9453450328e-04,	2.5001557273e+00,	4.9996113132e+02,	5.0003886868e+02,	-1.5547472411e-03
1.8470000000e-01,	2.9437911069e-04,	2.5001557568e+00,	4.9996117238e+02,	5.0003882762e+02,	-1.5531049397e-03
1.8480000000e-01,	2.9422388221e-04,	2.5001557862e+00,	4.9996121337e+02,	5.0003878663e+02,	-1.5514652426e-03
1.8490000000e-01,	2.9406881756e-04,	2.5001558156e+00,	4.9996125430e+02,	5.0003874570e+02,	-1.5498281443e-03
1.8500000000e-01,	2.9391391649e-04,	2.5001558450e+00,	4.9996129516e+02,	5.0003870484e+02,	-1.5481936393e-03
1.8510000000e-01,	2.9375917875e-04,	2.5001558744e+00,	4.9996133596e+02,	5.0003866404e+02,	-1.5465617221e-03
1.8520000000e-01,	2.9360460406e-04,	2.5001559038e+00,	4.9996137669e+02,	5.0003862331e+02,	-1.5449323873e-03
1.8530000000e-01,	2.9345019218e-04,	2.5001559331e+00,	4.9996141736e+02,	5.0003858264e+02,	-1.5433056294e-03
1.8540000000e-01,	2.9329594285e-04,	2.5001559624e+00,	4.9996145796e+02,	5.0003854204e+02,	-1.5416814429e-03
1.8550000000e-01,	2.9314185581e-04,	2.5001559918e+00,	4.9996149850e+02,	5.0003850149e+02,	-1.5400598225e-03
1.8560000000e-01,	2.9298793080e-04,	2.5001560211e+00,	4.9996153898e+02,	5.0003846102e+02,	-1.5384407627e-03
1.8570000000e-01,	2.9283416757e-04,	2.5001560504e+00,	4.9996157939e+02,	5.0003842061e+02,	-1.5368242581e-03
1.8580000000e-01,	2.9268056586e-04,	2.5001560796e+00,	4.9996161974e+02,	5.0003838026e+02,	-1.5352103033e-03
1.8590000000e-01,	2.9252712542e-04,	2.5001561089e+00,	4.9996166003e+02,	5.0003833997e+02,	-1.5335988931e-03
1.8600000000e-01,	2.9237384600e-04,	2.5001561381e+00,	4.9996170025e+02,	5.0003829975e+02,	-1.5319900220e-03
1.8610000000e-01,	2.9222072734e-04,	2.5001561674e+00,	4.9996174041e+02,	5.0003825959e+02,	-1.5303836846e-03
1.8620000000e-01,	2.9206776918e-04,	2.5001561966e+00,	4.9996178050e+02,	5.0003821950e+02,	-1.5287798758e-03
1.8630000000e-01,	2.9191497128e-04,	2.5001562258e+00,	4.9996182053e+02,	5.0003817946e+02,	-1.5271785900e-03
1.8640000000e-01,	2.9176233338e-04,	2.5001562550e+00,	4.9996186050e+02,	5.0003813949e+02,	-1.5255798222e-03
1.8650000000e-01,	2.9160985523e-04,	2.5001562841e+00,	4.9996190041e+02,	5.0003809959e+02,	-1.5239835669e-03
1.8660000000e-01,	2.9145753658e-04,	2.5001563133e+00,	4.9996194025e+02,	5.0003805974e+02,	-1.5223898189e-03
1.8670000000e-01,	2.9130537718e-04,	2.5001563424e+00,	4.9996198003e+02,	5.0003801996e+02,	-1.5207985730e-03
1.8680000000e-01,	2.9115337678e-04,	2.5001563716e+00,	4.9996201975e+02,	5.0003798024e+02,	-1.5192098238e-03
1.8690000000e-01,	2.9100153513e-04,	2.5001564007e+00,	4.9996205941e+02,	5.0003794059e+02,	-1.5176235663e-03
1.8700000000e-01,	2.9084985199e-04,	2.5001564298e+00,	4.9996209900e+02,	5.0003790099e+02,	-1.5160397951e-03
1.8710000000e-01,	2.9069832709e-04,	2.5001564588e+00,	4.9996213854e+02,	5.0003786146e+02,	-1.5144585051e-03
1.8720000000e-01,	2.9054696020e-04,	2.5001564879e+00,	4.9996217801e+02,	5.0003782199e+02,	-1.5128796911e-03
1.8730000000e-01,	2.9039575107e-04,	2.5001565169e+00,	4.9996221742e+02,	5.0003778258e+02,	-1.5113033478e-03
1.8740000000e-01,	2.9024469945e-04,	2.5001565460e+00,	4.9996225676e+02,	5.0003774324e+02,	-1.5097294702e-03
1.8750000000e-01,	2.9009380510e-04,	2.5001565750e+00,	4.9996229605e+02,	5.0003770395e+02,	-1.5081580531e-03
1.8760000000e-01,	2.8994306776e-04,	2.5001566040e+00,	4.9996233527e+02,	5.0003766473e+02,	-1.5065890914e-03
1.8770000000e-01,	2.8979248720e-04,	2.5001566330e+00,	4.9996237443e+02,	5.0003762556e+02,	-1.5050225799e-03
1.8780000000e-01,	2.8964206316e-04,	2.5001566620e+00,	4.9996241354e+02,	5.0003758646e+02,	-1.5034585136e-03
1.8790000000e-01,	2.8949179541e-04,	2.5001566909e+00,	4.9996245258e+02,	5.0003754742e+02,	-1.5018968873e-03
1.8800000000e-01,	2.8934168370e-04,	2.5001567199e+00,	4.9996249156e+02,	5.0003750844e+02,	-1.5003376960e-03
1.8810000000e-01,	2.8919172779e-04,	2.5001567488e+00,	4.9996253048e+02,	5.0003746952e+02,	-1.4987809346e-03
1.8820000000e-01,	2.8904192743e-04,	2.5001567777e+00,	4.9996256933e+02,	5.0003743066e+02,	-1.4972265980e-03
1.8830000000e-01,	2.8889228239e-04,	2.5001568066e+00,	4.9996260813e+02,	5.0003739187e+02,	-1.4956746812e-03
1.8840000000e-01,	2.8874279242e-04,	2.5001568355e+00,	4.9996264687e+02,	5.0003735313e+02,	-1.4941251792e-03
1.8850000000e-01,	2.8859345727e-04,	2.5001568643e+00,	4.9996268555e+02,	5.0003731445e+02,	-1.4925780870e-03
1.8860000000e-01,	2.8844427672e-04,	2.5001568932e+00,	4.9996272416e+02,	5.0003727583e+02,	-1.4910333996e-03
1.8870000000e-01,	2.8829525051e-04,	2.5001569220e+00,	4.9996276272e+02,	5.0003723728e+02,	-1.4894911119e-03
1.8880000000e-01,	2.8814637842e-04,	2.5001569508e+00,	4.9996280122e+02,	5.0003719878e+02,	-1.4879512191e-03
1.8890000000e-01,	2.8799766019e-04,	2.5001569797e+00,	4.9996283966e+02,	5.0003716034e+02,	-1.4864137160e-03
1.8900000000e-01,	2.8784909560e-04,	2.5001570084e+00,	4.9996287803e+02,	5.0003712196e+02,	-1.4848785979e-03
1.8910000000e-01,	2.8770068439e-04,	2.5001570372e+00,	4.9996291635e+02,	5.0003708365e+02,	-1.4833458598e-03
1.8920000000e-01,	2.8755242634e-04,	2.5001570660e+00,	4.9996295461e+02,	5.0003704539e+02,	-1.4818154966e-03
1.8930000000e-01,	2.8740432121e-04,	2.5001570947e+00,	4.9996299281e+02,	5.0003700719e+02,	-1.4802875036e-03
1.8940000000e-01,	2.8725636876e-04,	2.5001571235e+00,	4.9996303095e+02,	5.0003696905e+02,	-1.4787618758e-03
1.8950000000e-01,	2.8710856876e-04,	2.5001571522e+00,	4.9996306903e+02,	5.0003693096e+02,	-1.4772386084e-03
1.8960000000e-01,	2.8696092096e-04,	2.5001571809e+00,	4.9996310706e+02,	5.0003689294e+02,	-1.4757176964e-03
1.8970000000e-01,	2.8681342514e-04,	2.5001572096e+00,	4.9996314502e+02,	5.0003685498e+02,	-1.4741991351e-03
1.8980000000e-01,	2.8666608106e-04,	2.5001572383e+00,	4.9996318293e+02,	5.0003681707e+02,	-1.4726829195e-03
1.8990000000e-01,	2.8651888848e-04,	2.5001572669e+00,	4.9996322077e+02,	5.0003677923e+02,	-1.4711690448e-03
1.9000000000e-01,	2.8637184717e-04,	2.5001572956e+00,	4.9996325856e+02,	5.0003674144e+02,	-1.4696575062e-03
1.9010000000e-01,	2.8622495690e-04,	2.5001573242e+00,	4.9996329629e+02,	5.0003670371e+02,	-1.4681482989e-03
1.9020000000e-01,	2.8607821744e-04,	2.5001573528e+00,	4.9996333396e+02,	5.0003666603e+02,	-1.4666414181e-03
1.9030000000e-01,	2.8593162854e-04,	2.5001573814e+00,	4.9996337158e+02,	5.0003662842e+02,	-1.4651368590e-03
1.9040000000e-01,	2.8578518999e-04,	2.5001574100e+00,	4.9996340913e+02,	5.0003659086e+02,	-1.4636346169e-03
1.9050000000e-01,	2.8563890154e-04,	2.5001574386e+00,	4.9996344663e+02,	5.0003655337e+02,	-1.4621346869e-03
1.9060000000e-01,	2.8549276297e-04,	2.5001574671e+00,	4.9996348407e+02,	5.0003651593e+02,	-1.4606370644e-03
1.9070000000e-01,	2.8534677405e-04,	2.5001574957e+00,	4.9996352146e+02,	5.0003647854e+02,	-1.4591417445e-03
1.9080000000e-01,	2.8520093455e-04,	2.5001575242e+00,	4.9996355878e+02,	5.0003644122e+02,	-1.4576487226e-03
1.9090000000e-01,	2.8505524423e-04,	2.5001575527e+00,	4.9996359605e+02,	5.0003640395e+02,	-1.4561579940e-03
1.9100000000e-01,	2.8490970287e-04,	2.5001575812e+00,	4.9996363326e+02,	5.0003636674e+02,	-1.4546695539e-03
1.9110000000e-01,	2.8476431024e-04,	2.5001576097e+00,	4.9996367041e+02,	5.0003632958e+02,	-1.4531833977e-03
1.9120000000e-01,	2.8461906612e-04,	2.5001576382e+00,	4.9996370751e+02,	5.0003629249e+02,	-1.4516995206e-03
1.9130000000e-01,	2.8447397026e-04,	2.5001576666e+00,	4.9996374455e+02,	5.0003625545e+02,	-1.4502179181e-03
1.9140000000e-01,	2.8432902246e-04,	2.5001576950e+00,	4.9996378153e+02,	5.0003621846e+02,	-1.4487385855e-03
1.9150000000e-01,	2.8418422247e-04,	2.5001577235e+00,	4.9996381846e+02,	5.0003618154e+02,	-1.4472615181e-03
1.9160000000e-01,	2.8403957008e-04,	2.5001577519e+00,	4.9996385533e+02,	5.0003614467e+02,	-1.4457867113e-03
1.9170000000e-01,	2.8389506505e-04,	2.5001577803e+00,	4.9996389215e+02,	5.0003610785e+02,	-1.4443141605e-03
1.9180000000e-01,	2.8375070717e-04,	2.5001578087e+00,	4.9996392890e+02,	5.0003607110e+02,	-1.4428438611e-03
1.9190000000e-01,	2.8360649621e-04,	2.5001578370e+00,	4.9996396560e+02,	5.0003603439e+02,	-1.4413758085e-03
1.9200000000e-01,	2.8346243193e-04,	2.5001578654e+00,	4.9996400225e+02,	5.0003599775e+02,	-1.4399099980e-03
1.9210000000e-01,	2.8331851413e-04,	2.5001578937e+00,	4.9996403884e+02,	5.0003596116e+02,	-1.4384464252e-03
1.9220000000e-01,	2.8317474257e-04,	2.5001579220e+00,	4.9996407537e+02,	5.0003592463e+02,	-1.4369850855e-03
1.9230000000e-01,	2.8303111704e-04,	2.5001579504e+00,	4.9996411185e+02,	5.0003588815e+02,	-1.4355259744e-03
1.9240000000e-01,	2.8288763731e-04,	2.5001579787e+00,	4.9996414827e+02,	5.0003585173e+02,	-1.4340690872e-03
1.9250000000e-01,	2.8274430315e-04,	2.5001580069e+00,	4.9996418464e+02,	5.0003581536e+02,	-1.4326144195e-03
1.9260000000e-01,	2.8260111435e-04,	2.5001580352e+00,	4.9996422095e+02,	5.0003577905e+02,	-1.4311619668e-03
1.9270000000e-01,	2.8245807068e-04,	2.5001580635e+00,	4.9996425721e+02,	5.0003574279e+02,	-1.4297117245e-03
1.9280000000e-01,	2.8231517193e-04,	2.5001580917e+00,	4.9996429341e+02,	5.0003570659e+02,	-1.4282636883e-03
1.9290000000e-01,	2.8217241787e-04,	2.5001581199e+00,	4.9996432955e+02,	5.0003567045e+02,	-1.4268178535e-03
1.9300000000e-01,	2.8202980829e-04,	2.5001581481e+00,	4.9996436564e+02,	5.0003563435e+02,	-1.4253742157e-03
1.9310000000e-01,	2.8188734295e-04,	2.5001581763e+00,	4.9996440168e+02,	5.0003559832e+02,	-1.4239327706e-03
1.9320000000e-01,	2.8174502166e-04,	2.5001582045e+00,	4.9996443766e+02,	5.0003556234e+02,	-1.4224935135e-03
1.9330000000e-01,	2.8160284418e-04,	2.5001582327e+00,	4.9996447359e+02,	5.0003552641e+02,	-1.4210564402e-03
1.9340000000e-01,	2.8146081030e-04,	2.5001582608e+00,	4.9996450946e+02,	5.0003549054e+02,	-1.4196215462e-03
1.9350000000e-01,	2.8131891980e-04,	2.5001582890e+00,	4.9996454528e+02,	5.0003545472e+02,	-1.4181888270e-03
1.9360000000e-01,	2.8117717246e-04,	2.5001583171e+00,	4.9996458104e+02,	5.0003541896e+02,	-1.4167582783e-03
1.9370000000e-01,	2.8103556807e-04,	2.5001583452e+00,	4.9996461675e+02,	5.0003538325e+02,	-1.4153298957e-03
1.9380000000e-01,	2.8089410641e-04,	2.5001583733e+00,	4.9996465241e+02,	5.0003534759e+02,	-1.4139036748e-03
1.9390000000e-01,	2.8075278726e-04,	2.5001584014e+00,	4.9996468801e+02,	5.0003531199e+02,	-1.4124796113e-03
1.9400000000e-01,	2.8061161041e-04,	2.5001584294e+00,	4.9996472356e+02,	5.0003527644e+02,	-1.4110577007e-03
1.9410000000e-01,	2.8047057565e-04,	2.5001584575e+00,	4.9996475905e+02,	5.0003524095e+02,	-1.4096379388e-03
1.9420000000e-01,	2.8032968276e-04,	2.5001584855e+00,	4.9996479449e+02,	5.0003520551e+02,	-1.4082203212e-03
1.9430000000e-01,	2.8018893151e-04,	2.5001585136e+00,	4.9996482988e+02,	5.0003517012e+02,	-1.4068048436e-03
1.9440000000e-01,	2.8004832172e-04,	2.5001585416e+00,	4.9996486521e+02,	5.0003513479e+02,	-1.4053915017e-03
1.9450000000e-01,	2.7990785314e-04,	2.5001585696e+00,	4.9996490049e+02,	5.0003509951e+02,	-1.4039802912e-03
1.9460000000e-01,	2.7976752559e-04,	2.5001585976e+00,	4.9996493572e+02,	5.0003506428e+02,	-1.4025712078e-03
1.9470000000e-01,	2.7962733883e-04,	2.5001586255e+00,	4.9996497089e+02,	5.0003502911e+02,	-1.4011642472e-03
1.9480000000e-01,	2.7948729267e-04,	2.5001586535e+00,	4.9996500601e+02,	5.0003499398e+02,	-1.3997594051e-03
1.9490000000e-01,	2.7934738688e-04,	2.5001586814e+00,	4.9996504108e+02,	5.0003495892e+02,	-1.3983566774e-03
1.9500000000e-01,	2.7920762126e-04,	2.5001587094e+00,	4.9996507610e+02,	5.0003492390e+02,	-1.3969560596e-03
1.9510000000e-01,	2.7906799560e-04,	2.5001587373e+00,	4.9996511106e+02,	5.0003488894e+02,	-1.3955575477e-03
1.9520000000e-01,	2.7892850968e-04,	2.5001587652e+00,	4.9996514597e+02,	5.0003485403e+02,	-1.3941611374e-03
1.9530000000e-01,	2.7878916330e-04,	2.5001587931e+00,	4.9996518083e+02,	5.0003481917e+02,	-1.3927668245e-03
1.9540000000e-01,	2.7864995625e-04,	2.5001588209e+00,	4.9996521563e+02,	5.0003478436e+02,	-1.3913746047e-03
1.9550000000e-01,	2.7851088831e-04,	2.5001588488e+00,	4.9996525039e+02,	5.0003474961e+02,	-1.3899844740e-03
1.9560000000e-01,	2.7837195928e-04,	2.5001588766e+00,	4.9996528509e+02,	5.0003471491e+02,	-1.3885964280e-03
1.9570000000e-01,	2.7823316895e-04,	2.5001589045e+00,	4.9996531974e+02,	5.0003468026e+02,	-1.3872104626e-03
1.9580000000e-01,	2.7809451712e-04,	2.5001589323e+00,	4.9996535433e+02,	5.0003464566e+02,	-1.3858265738e-03
1.9590000000e-01,	2.7795600357e-04,	2.5001589601e+00,	4.9996538888e+02,	5.0003461112e+02,	-1.3844447572e-03
1.9600000000e-01,	2.7781762810e-04,	2.5001589879e+00,	4.9996542337e+02,	5.0003457662e+02,	-1.3830650088e-03
1.9610000000e-01,	2.7767939050e-04,	2.5001590156e+00,	4.9996545782e+02,	5.0003454218e+02,	-1.3816873244e-03
1.9620000000e-01,	2.7754129057e-04,	2.5001590434e+00,	4.9996549221e+02,	5.0003450779e+02,	-1.3803117000e-03
1.9630000000e-01,	2.7740332809e-04,	2.5001590711e+00,	4.9996552655e+02,	5.0003447345e+02,	-1.3789381314e-03
1.9640000000e-01,	2.7726550287e-04,	2.5001590989e+00,	4.9996556083e+02,	5.0003443916e+02,	-1.3775666145e-03
1.9650000000e-01,	2.7712781470e-04,	2.5001591266e+00,	4.9996559507e+02,	5.0003440493e+02,	-1.3761971452e-03
1.9660000000e-01,	2.7699026337e-04,	2.5001591543e+00,	4.9996562926e+02,	5.0003437074e+02,	-1.3748297195e-03
1.9670000000e-01,	2.7685284869e-04,	2.5001591820e+00,	4.9996566339e+02,	5.0003433661e+02,	-1.3734643332e-03
1.9680000000e-01,	2.7671557044e-04,	2.5001592097e+00,	4.9996569747e+02,	5.0003430252e+02,	-1.3721009824e-03
1.9690000000e-01,	2.7657842842e-04,	2.5001592373e+00,	4.9996573151e+02,	5.0003426849e+02,	-1.3707396629e-03
1.9700000000e-01,	2.7644142244e-04,	2.5001592650e+00,	4.9996576549e+02,	5.0003423451e+02,	-1.3693803708e-03
1.9710000000e-01,	2.7630455228e-04,	2.5001592926e+00,	4.9996579942e+02,	5.0003420058e+02,	-1.3680231020e-03
1.9720000000e-01,	2.7616781775e-04,	2.5001593203e+00,	4.9996583330e+02,	5.0003416670e+02,	-1.3666678524e-03
1.9730000000e-01,	2.7603121865e-04,	2.5001593479e+00,	4.9996586713e+02,	5.0003413286e+02,	-1.3653146182e-03
1.9740000000e-01,	2.7589475476e-04,	2.5001593755e+00,	4.9996590091e+02,	5.0003409908e+02,	-1.3639633952e-03
1.9750000000e-01,	2.7575842590e-04,	2.5001594030e+00,	4.9996593464e+02,	5.0003406535e+02,	-1.3626141795e-03
1.9760000000e-01,	2.7562223186e-04,	2.5001594306e+00,	4.9996596832e+02,	5.0003403167e+02,	-1.3612669671e-03
1.9770000000e-01,	2.7548617244e-04,	2.5001594582e+00,	4.9996600196e+02,	5.0003399804e+02,	-1.3599217541e-03
1.9780000000e-01,	2.7535024744e-04,	2.5001594857e+00,	4.9996603554e+02,	5.0003396446e+02,	-1.3585785365e-03
1.9790000000e-01,	2.7521445667e-04,	2.5001595132e+00,	4.9996606907e+02,	5.0003393093e+02,	-1.3572373102e-03
1.9800000000e-01,	2.7507879991e-04,	2.5001595408e+00,	4.9996610255e+02,	5.0003389745e+02,	-1.3558980715e-03
1.9810000000e-01,	2.7494327698e-04,	2.5001595683e+00,	4.9996613598e+02,	5.0003386402e+02,	-1.3545608164e-03
1.9820000000e-01,	2.7480788768e-04,	2.5001595957e+00,	4.9996616936e+02,	5.0003383064e+02,	-1.3532255409e-03
1.9830000000e-01,	2.7467263181e-04,	2.5001596232e+00,	4.9996620269e+02,	5.0003379731e+02,	-1.3518922411e-03
1.9840000000e-01,	2.7453750917e-04,	2.5001596507e+00,	4.9996623598e+02,	5.0003376402e+02,	-1.3505609132e-03
1.9850000000e-01,	2.7440251956e-04,	2.5001596781e+00,	4.9996626921e+02,	5.0003373079e+02,	-1.3492315532e-03
1.9860000000e-01,	2.7426766279e-04,	2.5001597056e+00,	4.9996630240e+02,	5.0003369760e+02,	-1.3479041573e-03
1.9870000000e-01,	2.7413293867e-04,	2.5001597330e+00,	4.9996633553e+02,	5.0003366447e+02,	-1.3465787215e-03
1.9880000000e-01,	2.7399834698e-04,	2.5001597604e+00,	4.9996636862e+02,	5.0003363138e+02,	-1.3452552421e-03
1.9890000000e-01,	2.7386388755e-04,	2.5001597878e+00,	4.9996640166e+02,	5.0003359834e+02,	-1.3439337152e-03
1.9900000000e-01,	2.7372956018e-04,	2.5001598152e+00,	4.9996643465e+02,	5.0003356535e+02,	-1.3426141369e-03
1.9910000000e-01,	2.7359536466e-04,	2.5001598425e+00,	4.9996646759e+02,	5.0003353241e+02,	-1.3412965034e-03
1.9920000000e-01,	2.7346130081e-04,	2.5001598699e+00,	4.9996650048e+02,	5.0003349952e+02,	-1.3399808109e-03
1.9930000000e-01,	2.7332736843e-04,	2.5001598972e+00,	4.9996653332e+02,	5.0003346668e+02,	-1.3386670556e-03
1.9940000000e-01,	2.7319356734e-04,	2.5001599245e+00,	4.9996656612e+02,	5.0003343388e+02,	-1.3373552336e-03
1.9950000000e-01,	2.7305989732e-04,	2.5001599519e+00,	4.9996659887e+02,	5.0003340113e+02,	-1.3360453411e-03
1.9960000000e-01,	2.7292635820e-04,	2.5001599792e+00,	4.9996663156e+02,	5.0003336843e+02,	-1.3347373745e-03
1.9970000000e-01,	2.7279294978e-04,	2.5001600064e+00,	4.9996666422e+02,	5.0003333578e+02,	-1.3334313298e-03
1.9980000000e-01,	2.7265967187e-04,	2.5001600337e+00,	4.9996669682e+02,	5.0003330318e+02,	-1.3321272034e-03
1.9990000000e-01,	2.7252652428e-04,	2.5001600610e+00,	4.9996672937e+02,	5.0003327062e+02,	-1.3308249914e-03
2.0000000000e-01,	2.7239350681e-04,	2.5001600882e+00,	4.9996676188e+02,	5.0003323812e+02,	-1.3295246901e-03
2.0010000000e-01,	2.7226061928e-04,	2.5001601155e+00,	4.9996679434e+02,	5.0003320566e+02,	-1.3282262959e-03
2.0020000000e-01,	2.7212786149e-04,	2.5001601427e+00,	4.9996682675e+02,	5.0003317324e+02,	-1.3269298048e-03
2.0030000000e-01,	2.7199523325e-04,	2.5001601699e+00,	4.9996685912e+02,	5.0003314088e+02,	-1.3256352133e-03
2.0040000000e-01,	2.7186273438e-04,	2.5001601971e+00,	4.9996689144e+02,	5.0003310856e+02,	-1.3243425176e-03
2.0050000000e-01,	2.7173036469e-04,	2.5001602242e+00,	4.9996692371e+02,	5.0003307629e+02,	-1.3230517141e-03
2.0060000000e-01,	2.7159812398e-04,	2.5001602514e+00,	4.9996695593e+02,	5.0003304407e+02,	-1.3217627989e-03
2.0070000000e-01,	2.7146601206e-04,	2.5001602786e+00,	4.9996698810e+02,	5.0003301189e+02,	-1.3204757684e-03
2.0080000000e-01,	2.7133402876e-04,	2.5001603057e+00,	4.9996702023e+02,	5.0003297976e+02,	-1.3191906190e-03
2.0090000000e-01,	2.7120217388e-04,	2.5001603328e+00,	4.9996705232e+02,	5.0003294768e+02,	-1.3179073470e-03
2.0100000000e-01,	2.7107044723e-04,	2.5001603599e+00,	4.9996708435e+02,	5.0003291565e+02,	-1.3166259487e-03
2.0110000000e-01,	2.7093884863e-04,	2.5001603870e+00,	4.9996711634e+02,	5.0003288366e+02,	-1.3153464205e-03
2.0120000000e-01,	2.7080737788e-04,	2.5001604141e+00,	4.9996714828e+02,	5.0003285172e+02,	-1.3140687587e-03
2.0130000000e-01,	2.7067603481e-04,	2.5001604412e+00,	4.9996718018e+02,	5.0003281982e+02,	-1.3127929597e-03
2.0140000000e-01,	2.7054481923e-04,	2.5001604683e+00,	4.9996721202e+02,	5.0003278797e+02,	-1.3115190199e-03
2.0150000000e-01,	2.7041373095e-04,	2.5001604953e+00,	4.9996724383e+02,	5.0003275617e+02,	-1.3102469357e-03
2.0160000000e-01,	2.7028276978e-04,	2.5001605224e+00,	4.9996727558e+02,	5.0003272442e+02,	-1.3089767033e-03
2.0170000000e-01,	2.7015193554e-04,	2.5001605494e+00,	4.9996730729e+02,	5.0003269271e+02,	-1.3077083194e-03
2.0180000000e-01,	2.7002122805e-04,	2.5001605764e+00,	4.9996733895e+02,	5.0003266104e+02,	-1.3064417802e-03
2.0190000000e-01,	2.6989064713e-04,	2.5001606034e+00,	4.9996737057e+02,	5.0003262943e+02,	-1.3051770822e-03
2.0200000000e-01,	2.6976019258e-04,	2.5001606304e+00,	4.9996740214e+02,	5.0003259785e+02,	-1.3039142218e-03
2.0210000000e-01,	2.6962986422e-04,	2.5001606573e+00,	4.9996743367e+02,	5.0003256633e+02,	-1.3026531955e-03
2.0220000000e-01,	2.6949966188e-04,	2.5001606843e+00,	4.9996746515e+02,	5.0003253485e+02,	-1.3013939997e-03
2.0230000000e-01,	2.6936958536e-04,	2.5001607112e+00,	4.9996749658e+02,	5.0003250341e+02,	-1.3001366308e-03
2.0240000000e-01,	2.6923963449e-04,	2.5001607382e+00,	4.9996752797e+02,	5.0003247203e+02,	-1.2988810854e-03
2.0250000000e-01,	2.6910980908e-04,	2.5001607651e+00,	4.9996755932e+02,	5.0003244068e+02,	-1.2976273598e-03
2.0260000000e-01,	2.6898010896e-04,	2.5001607920e+00,	4.9996759061e+02,	5.0003240939e+02,	-1.2963754506e-03
2.0270000000e-01,	2.6885053393e-04,	2.5001608189e+00,	4.9996762187e+02,	5.0003237813e+02,	-1.2951253543e-03
2.0280000000e-01,	2.6872108383e-04,	2.5001608458e+00,	4.9996765307e+02,	5.0003234693e+02,	-1.2938770674e-03
2.0290000000e-01,	2.6859175846e-04,	2.5001608726e+00,	4.9996768423e+02,	5.0003231576e+02,	-1.2926305863e-03
2.0300000000e-01,	2.6846255765e-04,	2.5001608995e+00,	4.9996771535e+02,	5.0003228465e+02,	-1.2913859075e-03
2.0310000000e-01,	2.6833348122e-04,	2.5001609263e+00,	4.9996774642e+02,	5.0003225357e+02,	-1.2901430277e-03
2.0320000000e-01,	2.6820452898e-04,	2.5001609531e+00,	4.9996777745e+02,	5.0003222255e+02,	-1.2889019433e-03
2.0330000000e-01,	2.6807570077e-04,	2.5001609800e+00,	4.9996780843e+02,	5.0003219157e+02,	-1.2876626509e-03
2.0340000000e-01,	2.6794699639e-04,	2.5001610068e+00,	4.9996783937e+02,	5.0003216063e+02,	-1.2864251470e-03
2.0350000000e-01,	2.6781841568e-04,	2.5001610335e+00,	4.9996787026e+02,	5.0003212973e+02,	-1.2851894282e-03
2.0360000000e-01,	2.6768995845e-04,	2.5001610603e+00,	4.9996790111e+02,	5.0003209889e+02,	-1.2839554910e-03
2.0370000000e-01,	2.6756162452e-04,	2.5001610871e+00,	4.9996793192e+02,	5.0003206808e+02,	-1.2827233321e-03
2.0380000000e-01,	2.6743341372e-04,	2.5001611138e+00,	4.9996796268e+02,	5.0003203732e+02,	-1.2814929479e-03
2.0390000000e-01,	2.6730532587e-04,	2.5001611406e+00,	4.9996799339e+02,	5.0003200661e+02,	-1.2802643351e-03
2.0400000000e-01,	2.6717736080e-04,	2.5001611673e+00,	4.9996802406e+02,	5.0003197594e+02,	-1.2790374903e-03
2.0410000000e-01,	2.6704951832e-04,	2.5001611940e+00,	4.9996805469e+02,	5.0003194531e+02,	-1.2778124101e-03
2.0420000000e-01,	2.6692179826e-04,	2.5001612207e+00,	4.9996808527e+02,	5.0003191473e+02,	-1.2765890911e-03
2.0430000000e-01,	2.6679420044e-04,	2.5001612474e+00,	4.9996811581e+02,	5.0003188419e+02,	-1.2753675299e-03
2.0440000000e-01,	2.6666672469e-04,	2.5001612741e+00,	4.9996814631e+02,	5.0003185369e+02,	-1.2741477232e-03
2.0450000000e-01,	2.6653937084e-04,	2.5001613007e+00,	4.9996817676e+02,	5.0003182324e+02,	-1.2729296676e-03
2.0460000000e-01,	2.6641213870e-04,	2.5001613274e+00,	4.9996820717e+02,	5.0003179283e+02,	-1.2717133597e-03
2.0470000000e-01,	2.6628502811e-04,	2.5001613540e+00,	4.9996823753e+02,	5.0003176247e+02,	-1.2704987962e-03
2.0480000000e-01,	2.6615803888e-04,	2.5001613806e+00,	4.9996826785e+02,	5.0003173215e+02,	-1.2692859737e-03
2.0490000000e-01,	2.6603117085e-04,	2.5001614072e+00,	4.9996829813e+02,	5.0003170187e+02,	-1.2680748890e-03
2.0500000000e-01,	2.6590442385e-04,	2.5001614338e+00,	4.9996832836e+02,	5.0003167164e+02,	-1.2668655387e-03
2.0510000000e-01,	2.6577779769e-04,	2.5001614604e+00,	4.9996835855e+02,	5.0003164145e+02,	-1.2656579194e-03
2.0520000000e-01,	2.6565129220e-04,	2.5001614870e+00,	4.9996838870e+02,	5.0003161130e+02,	-1.2644520280e-03
2.0530000000e-01,	2.6552490722e-04,	2.5001615135e+00,	4.9996841880e+02,	5.0003158120e+02,	-1.2632478610e-03
2.0540000000e-01,	2.6539864258e-04,	2.5001615401e+00,	4.9996844886e+02,	5.0003155113e+02,	-1.2620454152e-03
2.0550000000e-01,	2.6527249808e-04,	2.5001615666e+00,	4.9996847888e+02,	5.0003152112e+02,	-1.2608446874e-03
2.0560000000e-01,	2.6514647358e-04,	2.5001615931e+00,	4.9996850886e+02,	5.0003149114e+02,	-1.2596456742e-03
2.0570000000e-01,	2.6502056889e-04,	2.5001616197e+00,	4.9996853879e+02,	5.0003146121e+02,	-1.2584483723e-03
2.0580000000e-01,	2.6489478385e-04,	2.5001616462e+00,	4.9996856868e+02,	5.0003143132e+02,	-1.2572527786e-03
2.0590000000e-01,	2.6476911828e-04,	2.5001616726e+00,	4.9996859853e+02,	5.0003140147e+02,	-1.2560588897e-03
2.0600000000e-01,	2.6464357201e-04,	2.5001616991e+00,	4.9996862833e+02,	5.0003137167e+02,	-1.2548667024e-03
2.0610000000e-01,	2.6451814488e-04,	2.5001617256e+00,	4.9996865809e+02,	5.0003134190e+02,	-1.2536762136e-03
2.0620000000e-01,	2.6439283672e-04,	2.5001617520e+00,	4.9996868781e+02,	5.0003131218e+02,	-1.2524874198e-03
2.0630000000e-01,	2.6426764734e-04,	2.5001617784e+00,	4.9996871749e+02,	5.0003128251e+02,	-1.2513003180e-03
2.0640000000e-01,	2.6414257660e-04,	2.5001618049e+00,	4.9996874713e+02,	5.0003125287e+02,	-1.2501149050e-03
2.0650000000e-01,	2.6401762431e-04,	2.5001618313e+00,	4.9996877672e+02,	5.0003122328e+02,	-1.2489311774e-03
2.0660000000e-01,	2.6389279030e-04,	2.5001618577e+00,	4.9996880627e+02,	5.0003119373e+02,	-1.2477491322e-03
2.0670000000e-01,	2.6376807442e-04,	2.5001618840e+00,	4.9996883578e+02,	5.0003116422e+02,	-1.2465687661e-03
2.0680000000e-01,	2.6364347649e-04,	2.5001619104e+00,	4.9996886525e+02,	5.0003113475e+02,	-1.2453900759e-03
2.0690000000e-01,	2.6351899635e-04,	2.5001619368e+00,	4.9996889467e+02,	5.0003110533e+02,	-1.2442130586e-03
2.0700000000e-01,	2.6339463383e-04,	2.5001619631e+00,	4.9996892406e+02,	5.0003107594e+02,	-1.2430377108e-03
2.0710000000e-01,	2.6327038875e-04,	2.5001619895e+00,	4.9996895340e+02,	5.0003104660e+02,	-1.2418640295e-03
2.0720000000e-01,	2.6314626097e-04,	2.5001620158e+00,	4.9996898270e+02,	5.0003101730e+02,	-1.2406920114e-03
2.0730000000e-01,	2.6302225030e-04,	2.5001620421e+00,	4.9996901196e+02,	5.0003098804e+02,	-1.2395216535e-03
2.0740000000e-01,	2.6289835658e-04,	2.5001620684e+00,	4.9996904118e+02,	5.0003095882e+02,	-1.2383529527e-03
2.0750000000e-01,	2.6277457965e-04,	2.5001620947e+00,	4.9996907035e+02,	5.0003092965e+02,	-1.2371859056e-03
2.0760000000e-01,	2.6265091934e-04,	2.5001621209e+00,	4.9996909949e+02,	5.0003090051e+02,	-1.2360205094e-03
2.0770000000e-01,	2.6252737549e-04,	2.5001621472e+00,	4.9996912858e+02,	5.0003087142e+02,	-1.2348567608e-03
2.0780000000e-01,	2.6240394794e-04,	2.5001621734e+00,	4.9996915763e+02,	5.0003084237e+02,	-1.2336946568e-03
2.0790000000e-01,	2.6228063651e-04,	2.5001621997e+00,	4.9996918664e+02,	5.0003081335e+02,	-1.2325341941e-03
2.0800000000e-01,	2.6215744104e-04,	2.5001622259e+00,	4.9996921562e+02,	5.0003078438e+02,	-1.2313753698e-03
2.0810000000e-01,	2.6203436138e-04,	2.5001622521e+00,	4.9996924454e+02,	5.0003075545e+02,	-1.2302181808e-03
2.0820000000e-01,	2.6191139735e-04,	2.5001622783e+00,	4.9996927343e+02,	5.0003072656e+02,	-1.2290626240e-03
2.0830000000e-01,	2.6178854880e-04,	2.5001623045e+00,	4.9996930228e+02,	5.0003069772e+02,	-1.2279086962e-03
2.0840000000e-01,	2.6166581556e-04,	2.5001623307e+00,	4.9996933109e+02,	5.0003066891e+02,	-1.2267563945e-03
2.0850000000e-01,	2.6154319747e-04,	2.5001623568e+00,	4.9996935986e+02,	5.0003064014e+02,	-1.2256057158e-03
2.0860000000e-01,	2.6142069436e-04,	2.5001623830e+00,	4.9996938858e+02,	5.0003061142e+02,	-1.2244566570e-03
2.0870000000e-01,	2.6129830608e-04,	2.5001624091e+00,	4.9996941727e+02,	5.0003058273e+02,	-1.2233092151e-03
2.0880000000e-01,	2.6117603247e-04,	2.5001624352e+00,	4.9996944591e+02,	5.0003055408e+02,	-1.2221633871e-03
2.0890000000e-01,	2.6105387335e-04,	2.5001624613e+00,	4.9996947452e+02,	5.0003052548e+02,	-1.2210191699e-03
2.0900000000e-01,	2.6093182858e-04,	2.5001624874e+00,	4.9996950309e+02,	5.0003049691e+02,	-1.2198765605e-03
2.0910000000e-01,	2.6080989799e-04,	2.5001625135e+00,	4.9996953161e+02,	5.0003046839e+02,	-1.2187355559e-03
2.0920000000e-01,	2.6068808141e-04,	2.5001625396e+00,	4.9996956010e+02,	5.0003043990e+02,	-1.2175961531e-03
2.0930000000e-01,	2.6056637870e-04,	2.5001625657e+00,	4.9996958854e+02,	5.0003041146e+02,	-1.2164583491e-03
2.0940000000e-01,	2.6044478969e-04,	2.5001625917e+00,	4.9996961695e+02,	5.0003038305e+02,	-1.2153221409e-03
2.0950000000e-01,	2.6032331422e-04,	2.5001626178e+00,	4.9996964531e+02,	5.0003035469e+02,	-1.2141875254e-03
2.0960000000e-01,	2.6020195213e-04,	2.5001626438e+00,	4.9996967364e+02,	5.0003032636e+02,	-1.2130544998e-03
2.0970000000e-01,	2.6008070327e-04,	2.5001626698e+00,	4.9996970192e+02,	5.0003029808e+02,	-1.2119230611e-03
2.0980000000e-01,	2.5995956747e-04,	2.5001626958e+00,	4.9996973017e+02,	5.0003026983e+02,	-1.2107932063e-03
2.0990000000e-01,	2.5983854457e-04,	2.5001627218e+00,	4.9996975838e+02,	5.0003024162e+02,	-1.2096649324e-03
2.1000000000e-01,	2.5971763443e-04,	2.5001627478e+00,	4.9996978654e+02,	5.0003021346e+02,	-1.2085382364e-03
2.1010000000e-01,	2.5959683687e-04,	2.5001627737e+00,	4.9996981467e+02,	5.0003018533e+02,	-1.2074131156e-03
2.1020000000e-01,	2.5947615175e-04,	2.5001627997e+00,	4.9996984276e+02,	5.0003015724e+02,	-1.2062895668e-03
2.1030000000e-01,	2.5935557891e-04,	2.5001628256e+00,	4.9996987081e+02,	5.0003012919e+02,	-1.2051675871e-03
2.1040000000e-01,	2.5923511818e-04,	2.5001628516e+00,	4.9996989882e+02,	5.0003010118e+02,	-1.2040471738e-03
2.1050000000e-01,	2.5911476942e-04,	2.5001628775e+00,	4.9996992679e+02,	5.0003007321e+02,	-1.2029283237e-03
2.1060000000e-01,	2.5899453247e-04,	2.5001629034e+00,	4.9996995472e+02,	5.0003004528e+02,	-1.2018110341e-03
2.1070000000e-01,	2.5887440716e-04,	2.5001629293e+00,	4.9996998262e+02,	5.0003001738e+02,	-1.2006953020e-03
2.1080000000e-01,	2.5875439335e-04,	2.5001629552e+00,	4.9997001047e+02,	5.0002998953e+02,	-1.1995811245e-03
2.1090000000e-01,	2.5863449089e-04,	2.5001629810e+00,	4.9997003829e+02,	5.0002996171e+02,	-1.1984684988e-03
2.1100000000e-01,	2.5851469960e-04,	2.5001630069e+00,	4.9997006606e+02,	5.0002993393e+02,	-1.1973574219e-03
2.1110000000e-01,	2.5839501935e-04,	2.5001630327e+00,	4.9997009380e+02,	5.0002990620e+02,	-1.1962478910e-03
2.1120000000e-01,	2.5827544997e-04,	2.5001630586e+00,	4.9997012150e+02,	5.0002987850e+02,	-1.1951399031e-03
2.1130000000e-01,	2.5815599132e-04,	2.5001630844e+00,	4.9997014916e+02,	5.0002985084e+02,	-1.1940334555e-03
2.1140000000e-01,	2.5803664323e-04,	2.5001631102e+00,	4.9997017679e+02,	5.0002982321e+02,	-1.1929285453e-03
2.1150000000e-01,	2.5791740556e-04,	2.5001631360e+00,	4.9997020437e+02,	5.0002979563e+02,	-1.1918251696e-03
2.1160000000e-01,	2.5779827815e-04,	2.5001631618e+00,	4.9997023192e+02,	5.0002976808e+02,	-1.1907233256e-03
2.1170000000e-01,	2.5767926084e-04,	2.5001631875e+00,	4.9997025942e+02,	5.0002974057e+02,	-1.1896230105e-03
2.1180000000e-01,	2.5756035349e-04,	2.5001632133e+00,	4.9997028689e+02,	5.0002971310e+02,	-1.1885242214e-03
2.1190000000e-01,	2.5744155595e-04,	2.5001632391e+00,	4.9997031433e+02,	5.0002968567e+02,	-1.1874269555e-03
2.1200000000e-01,	2.5732286805e-04,	2.5001632648e+00,	4.9997034172e+02,	5.0002965828e+02,	-1.1863312099e-03
2.1210000000e-01,	2.5720428965e-04,	2.5001632905e+00,	4.9997036907e+02,	5.0002963092e+02,	-1.1852369820e-03
2.1220000000e-01,	2.5708582060e-04,	2.5001633162e+00,	4.9997039639e+02,	5.0002960361e+02,	-1.1841442687e-03
2.1230000000e-01,	2.5696746075e-04,	2.5001633419e+00,	4.9997042367e+02,	5.0002957633e+02,	-1.1830530675e-03
2.1240000000e-01,	2.5684920994e-04,	2.5001633676e+00,	4.9997045091e+02,	5.0002954908e+02,	-1.1819633755e-03
2.1250000000e-01,	2.5673106802e-04,	2.5001633933e+00,	4.9997047812e+02,	5.0002952188e+02,	-1.1808751898e-03
2.1260000000e-01,	2.5661303485e-04,	2.5001634190e+00,	4.9997050529e+02,	5.0002949471e+02,	-1.1797885077e-03
2.1270000000e-01,	2.5649511027e-04,	2.5001634446e+00,	4.9997053242e+02,	5.0002946758e+02,	-1.1787033265e-03
2.1280000000e-01,	2.5637729414e-04,	2.5001634703e+00,	4.9997055951e+02,	5.0002944049e+02,	-1.1776196434e-03
2.1290000000e-01,	2.5625958629e-04,	2.5001634959e+00,	4.9997058656e+02,	5.0002941344e+02,	-1.1765374556e-03
2.1300000000e-01,	2.5614198660e-04,	2.5001635215e+00,	4.9997061358e+02,	5.0002938642e+02,	-1.1754567604e-03
2.1310000000e-01,	2.5602449489e-04,	2.5001635471e+00,	4.9997064056e+02,	5.0002935944e+02,	-1.1743775549e-03
2.1320000000e-01,	2.5590711104e-04,	2.5001635727e+00,	4.9997066750e+02,	5.0002933250e+02,	-1.1732998366e-03
2.1330000000e-01,	2.5578983488e-04,	2.5001635983e+00,	4.9997069441e+02,	5.0002930559e+02,	-1.1722236026e-03
2.1340000000e-01,	2.5567266627e-04,	2.5001636239e+00,	4.9997072128e+02,	5.0002927872e+02,	-1.1711488502e-03
2.1350000000e-01,	2.5555560506e-04,	2.5001636495e+00,	4.9997074811e+02,	5.0002925189e+02,	-1.1700755768e-03
2.1360000000e-01,	2.5543865110e-04,	2.5001636750e+00,	4.9997077490e+02,	5.0002922509e+02,	-1.1690037795e-03
2.1370000000e-01,	2.5532180425e-04,	2.5001637005e+00,	4.9997080166e+02,	5.0002919834e+02,	-1.1679334557e-03
2.1380000000e-01,	2.5520506436e-04,	2.5001637261e+00,	4.9997082838e+02,	5.0002917161e+02,	-1.1668646026e-03
2.1390000000e-01,	2.5508843128e-04,	2.5001637516e+00,	4.9997085507e+02,	5.0002914493e+02,	-1.1657972176e-03
2.1400000000e-01,	2.5497190487e-04,	2.5001637771e+00,	4.9997088172e+02,	5.0002911828e+02,	-1.1647312981e-03
2.1410000000e-01,	2.5485548497e-04,	2.5001638026e+00,	4.9997090833e+02,	5.0002909167e+02,	-1.1636668412e-03
2.1420000000e-01,	2.5473917145e-04,	2.5001638281e+00,	4.9997093490e+02,	5.0002906510e+02,	-1.1626038443e-03
2.1430000000e-01,	2.5462296416e-04,	2.5001638535e+00,	4.9997096144e+02,	5.0002903856e+02,	-1.1615423048e-03
2.1440000000e-01,	2.5450686294e-04,	2.5001638790e+00,	4.9997098794e+02,	5.0002901205e+02,	-1.1604822200e-03
2.1450000000e-01,	2.5439086766e-04,	2.5001639044e+00,	4.9997101441e+02,	5.0002898559e+02,	-1.1594235872e-03
2.1460000000e-01,	2.5427497818e-04,	2.5001639299e+00,	4.9997104084e+02,	5.0002895916e+02,	-1.1583664038e-03
2.1470000000e-01,	2.5415919434e-04,	2.5001639553e+00,	4.9997106723e+02,	5.0002893277e+02,	-1.1573106671e-03
2.1480000000e-01,	2.5404351600e-04,	2.5001639807e+00,	4.9997109359e+02,	5.0002890641e+02,	-1.1562563745e-03
2.1490000000e-01,	2.5392794301e-04,	2.5001640061e+00,	4.9997111991e+02,	5.0002888009e+02,	-1.1552035234e-03
2.1500000000e-01,	2.5381247524e-04,	2.5001640315e+00,	4.9997114620e+02,	5.0002885380e+02,	-1.1541521111e-03
2.1510000000e-01,	2.5369711254e-04,	2.5001640569e+00,	4.9997117245e+02,	5.0002882755e+02,	-1.1531021349e-03
2.1520000000e-01,	2.5358185477e-04,	2.5001640822e+00,	4.9997119866e+02,	5.0002880134e+02,	-1.1520535924e-03
2.1530000000e-01,	2.5346670178e-04,	2.5001641076e+00,	4.9997122484e+02,	5.0002877516e+02,	-1.1510064808e-03
2.1540000000e-01,	2.5335165342e-04,	2.5001641329e+00,	4.9997125098e+02,	5.0002874902e+02,	-1.1499607976e-03
2.1550000000e-01,	2.5323670957e-04,	2.5001641582e+00,	4.9997127709e+02,	5.0002872291e+02,	-1.1489165402e-03
2.1560000000e-01,	2.5312187007e-04,	2.5001641836e+00,	4.9997130316e+02,	5.0002869684e+02,	-1.1478737059e-03
2.1570000000e-01,	2.5300713478e-04,	2.5001642089e+00,	4.9997132919e+02,	5.0002867081e+02,	-1.1468322922e-03
2.1580000000e-01,	2.5289250356e-04,	2.5001642342e+00,	4.9997135519e+02,	5.0002864481e+02,	-1.1457922965e-03
2.1590000000e-01,	2.5277797627e-04,	2.5001642594e+00,	4.9997138116e+02,	5.0002861884e+02,	-1.1447537163e-03
2.1600000000e-01,	2.5266355277e-04,	2.5001642847e+00,	4.9997140709e+02,	5.0002859291e+02,	-1.1437165489e-03
2.1610000000e-01,	2.5254923292e-04,	2.5001643100e+00,	4.9997143298e+02,	5.0002856702e+02,	-1.1426807918e-03
2.1620000000e-01,	2.5243501657e-04,	2.5001643352e+00,	4.9997145884e+02,	5.0002854116e+02,	-1.1416464424e-03
2.1630000000e-01,	2.5232090358e-04,	2.5001643605e+00,	4.9997148466e+02,	5.0002851534e+02,	-1.1406134982e-03
2.1640000000e-01,	2.5220689382e-04,	2.5001643857e+00,	4.9997151045e+02,	5.0002848955e+02,	-1.1395819567e-03
2.1650000000e-01,	2.5209298714e-04,	2.5001644109e+00,	4.9997153620e+02,	5.0002846379e+02,	-1.1385518152e-03
2.1660000000e-01,	2.5197918341e-04,	2.5001644361e+00,	4.9997156192e+02,	5.0002843808e+02,	-1.1375230713e-03
2.1670000000e-01,	2.5186548248e-04,	2.5001644613e+00,	4.9997158761e+02,	5.0002841239e+02,	-1.1364957225e-03
2.1680000000e-01,	2.5175188422e-04,	2.5001644865e+00,	4.9997161326e+02,	5.0002838674e+02,	-1.1354697661e-03
2.1690000000e-01,	2.5163838848e-04,	2.5001645116e+00,	4.9997163887e+02,	5.0002836113e+02,	-1.1344451997e-03
2.1700000000e-01,	2.5152499513e-04,	2.5001645368e+00,	4.9997166445e+02,	5.0002833555e+02,	-1.1334220209e-03
2.1710000000e-01,	2.5141170403e-04,	2.5001645620e+00,	4.9997168999e+02,	5.0002831001e+02,	-1.1324002269e-03
2.1720000000e-01,	2.5129851504e-04,	2.5001645871e+00,	4.9997171550e+02,	5.0002828449e+02,	-1.1313798155e-03
2.1730000000e-01,	2.5118542802e-04,	2.5001646122e+00,	4.9997174098e+02,	5.0002825902e+02,	-1.1303607840e-03
2.1740000000e-01,	2.5107244284e-04,	2.5001646373e+00,	4.9997176642e+02,	5.0002823358e+02,	-1.1293431300e-03
2.1750000000e-01,	2.5095955935e-04,	2.5001646624e+00,	4.9997179183e+02,	5.0002820817e+02,	-1.1283268510e-03
2.1760000000e-01,	2.5084677742e-04,	2.5001646875e+00,	4.9997181720e+02,	5.0002818280e+02,	-1.1273119446e-03
2.1770000000e-01,	2.5073409692e-04,	2.5001647126e+00,	4.9997184254e+02,	5.0002815746e+02,	-1.1262984082e-03
2.1780000000e-01,	2.5062151770e-04,	2.5001647377e+00,	4.9997186784e+02,	5.0002813216e+02,	-1.1252862393e-03
2.1790000000e-01,	2.5050903962e-04,	2.5001647627e+00,	4.9997189311e+02,	5.0002810689e+02,	-1.1242754356e-03
2.1800000000e-01,	2.5039666256e-04,	2.5001647878e+00,	4.9997191835e+02,	5.0002808165e+02,	-1.1232659946e-03
2.1810000000e-01,	2.5028438638e-04,	2.5001648128e+00,	4.9997194355e+02,	5.0002805645e+02,	-1.1222579137e-03
2.1820000000e-01,	2.5017221094e-04,	2.5001648378e+00,	4.9997196872e+02,	5.0002803128e+02,	-1.1212511907e-03
2.1830000000e-01,	2.5006013610e-04,	2.5001648628e+00,	4.9997199385e+02,	5.0002800614e+02,	-1.1202458229e-03
2.1840000000e-01,	2.4994816173e-04,	2.5001648878e+00,	4.9997201895e+02,	5.0002798104e+02,	-1.1192418081e-03
2.1850000000e-01,	2.4983628769e-04,	2.5001649128e+00,	4.9997204402e+02,	5.0002795598e+02,	-1.1182391437e-03
2.1860000000e-01,	2.4972451385e-04,	2.5001649378e+00,	4.9997206905e+02,	5.0002793095e+02,	-1.1172378274e-03
2.1870000000e-01,	2.4961284008e-04,	2.5001649628e+00,	4.9997209405e+02,	5.0002790595e+02,	-1.1162378567e-03
2.1880000000e-01,	2.4950126624e-04,	2.5001649877e+00,	4.9997211902e+02,	5.0002788098e+02,	-1.1152392292e-03
2.1890000000e-01,	2.4938979219e-04,	2.5001650127e+00,	4.9997214395e+02,	5.0002785605e+02,	-1.1142419425e-03
2.1900000000e-01,	2.4927841780e-04,	2.5001650376e+00,	4.9997216885e+02,	5.0002783115e+02,	-1.1132459942e-03
2.1910000000e-01,	2.4916714295e-04,	2.5001650625e+00,	4.9997219371e+02,	5.0002780628e+02,	-1.1122513820e-03
2.1920000000e-01,	2.4905596748e-04,	2.5001650874e+00,	4.9997221855e+02,	5.0002778145e+02,	-1.1112581033e-03
2.1930000000e-01,	2.4894489128e-04,	2.5001651123e+00,	4.9997224335e+02,	5.0002775665e+02,	-1.1102661559e-03
2.1940000000e-01,	2.4883391421e-04,	2.5001651372e+00,	4.9997226811e+02,	5.0002773189e+02,	-1.1092755373e-03
2.1950000000e-01,	2.4872303613e-04,	2.5001651621e+00,	4.9997229284e+02,	5.0002770716e+02,	-1.1082862452e-03
2.1960000000e-01,	2.4861225691e-04,	2.5001651870e+00,	4.9997231754e+02,	5.0002768246e+02,	-1.1072982772e-03
2.1970000000e-01,	2.4850157643e-04,	2.5001652118e+00,	4.9997234221e+02,	5.0002765779e+02,	-1.1063116310e-03
2.1980000000e-01,	2.4839099454e-04,	2.5001652367e+00,	4.9997236684e+02,	5.0002763316e+02,	-1.1053263041e-03
2.1990000000e-01,	2.4828051112e-04,	2.5001652615e+00,	4.9997239144e+02,	5.0002760856e+02,	-1.1043422943e-03
2.2000000000e-01,	2.4817012604e-04,	2.5001652863e+00,	4.9997241601e+02,	5.0002758399e+02,	-1.1033595991e-03
2.2010000000e-01,	2.4805983916e-04,	2.5001653111e+00,	4.9997244054e+02,	5.0002755945e+02,	-1.1023782163e-03
2.2020000000e-01,	2.4794965035e-04,	2.5001653359e+00,	4.9997246505e+02,	5.0002753495e+02,	-1.1013981435e-03
2.2030000000e-01,	2.4783955949e-04,	2.5001653607e+00,	4.9997248951e+02,	5.0002751048e+02,	-1.1004193784e-03
2.2040000000e-01,	2.4772956643e-04,	2.5001653855e+00,	4.9997251395e+02,	5.0002748605e+02,	-1.0994419186e-03
2.2050000000e-01,	2.4761967106e-04,	2.5001654103e+00,	4.9997253836e+02,	5.0002746164e+02,	-1.0984657618e-03
2.2060000000e-01,	2.4750987324e-04,	2.5001654350e+00,	4.9997256273e+02,	5.0002743727e+02,	-1.0974909057e-03
2.2070000000e-01,	2.4740017284e-04,	2.5001654598e+00,	4.9997258707e+02,	5.0002741293e+02,	-1.0965173480e-03
2.2080000000e-01,	2.4729056973e-04,	2.5001654845e+00,	4.9997261137e+02,	5.0002738863e+02,	-1.0955450864e-03
2.2090000000e-01,	2.4718106378e-04,	2.5001655092e+00,	4.9997263565e+02,	5.0002736435e+02,	-1.0945741186e-03
2.2100000000e-01,	2.4707165486e-04,	2.5001655339e+00,	4.9997265989e+02,	5.0002734011e+02,	-1.0936044423e-03
2.2110000000e-01,	2.4696234285e-04,	2.5001655587e+00,	4.9997268410e+02,	5.0002731590e+02,	-1.0926360551e-03
2.2120000000e-01,	2.4685312761e-04,	2.5001655833e+00,	4.9997270828e+02,	5.0002729172e+02,	-1.0916689549e-03
2.2130000000e-01,	2.4674400901e-04,	2.5001656080e+00,	4.9997273242e+02,	5.0002726758e+02,	-1.0907031393e-03
2.2140000000e-01,	2.4663498694e-04,	2.5001656327e+00,	4.9997275653e+02,	5.0002724346e+02,	-1.0897386060e-03
2.2150000000e-01,	2.4652606125e-04,	2.5001656573e+00,	4.9997278062e+02,	5.0002721938e+02,	-1.0887753528e-03
2.2160000000e-01,	2.4641723182e-04,	2.5001656820e+00,	4.9997280467e+02,	5.0002719533e+02,	-1.0878133774e-03
2.2170000000e-01,	2.4630849853e-04,	2.5001657066e+00,	4.9997282868e+02,	5.0002717132e+02,	-1.0868526776e-03
2.2180000000e-01,	2.4619986124e-04,	2.5001657313e+00,	4.9997285267e+02,	5.0002714733e+02,	-1.0858932511e-03
2.2190000000e-01,	2.4609131984e-04,	2.5001657559e+00,	4.9997287662e+02,	5.0002712338e+02,	-1.0849350956e-03
2.2200000000e-01,	2.4598287418e-04,	2.5001657805e+00,	4.9997290054e+02,	5.0002709945e+02,	-1.0839782089e-03
2.2210000000e-01,	2.4587452415e-04,	2.5001658051e+00,	4.9997292443e+02,	5.0002707556e+02,	-1.0830225887e-03
2.2220000000e-01,	2.4576626962e-04,	2.5001658296e+00,	4.9997294829e+02,	5.0002705171e+02,	-1.0820682329e-03
2.2230000000e-01,	2.4565811046e-04,	2.5001658542e+00,	4.9997297212e+02,	5.0002702788e+02,	-1.0811151392e-03
2.2240000000e-01,	2.4555004655e-04,	2.5001658788e+00,	4.9997299592e+02,	5.0002700408e+02,	-1.0801633053e-03
2.2250000000e-01,	2.4544207776e-04,	2.5001659033e+00,	4.9997301968e+02,	5.0002698032e+02,	-1.0792127290e-03
2.2260000000e-01,	2.4533420397e-04,	2.5001659279e+00,	4.9997304341e+02,	5.0002695658e+02,	-1.0782634082e-03
2.2270000000e-01,	2.4522642504e-04,	2.5001659524e+00,	4.9997306712e+02,	5.0002693288e+02,	-1.0773153406e-03
2.2280000000e-01,	2.4511874086e-04,	2.5001659769e+00,	4.9997309079e+02,	5.0002690921e+02,	-1.0763685240e-03
2.2290000000e-01,	2.4501115129e-04,	2.5001660014e+00,	4.9997311443e+02,	5.0002688557e+02,	-1.0754229562e-03
2.2300000000e-01,	2.4490365622e-04,	2.5001660259e+00,	4.9997313803e+02,	5.0002686197e+02,	-1.0744786350e-03
2.2310000000e-01,	2.4479625552e-04,	2.5001660504e+00,	4.9997316161e+02,	5.0002683839e+02,	-1.0735355582e-03
2.2320000000e-01,	2.4468894907e-04,	2.5001660749e+00,	4.9997318516e+02,	5.0002681484e+02,	-1.0725937236e-03
2.2330000000e-01,	2.4458173674e-04,	2.5001660993e+00,	4.9997320867e+02,	5.0002679133e+02,	-1.0716531291e-03
2.2340000000e-01,	2.4447461840e-04,	2.5001661238e+00,	4.9997323216e+02,	5.0002676784e+02,	-1.0707137725e-03
2.2350000000e-01,	2.4436759394e-04,	2.5001661482e+00,	4.9997325561e+02,	5.0002674439e+02,	-1.0697756515e-03
2.2360000000e-01,	2.4426066323e-04,	2.5001661727e+00,	4.9997327903e+02,	5.0002672097e+02,	-1.0688387640e-03
2.2370000000e-01,	2.4415382615e-04,	2.5001661971e+00,	4.9997330242e+02,	5.0002669758e+02,	-1.0679031079e-03
2.2380000000e-01,	2.4404708257e-04,	2.5001662215e+00,	4.9997332578e+02,	5.0002667422e+02,	-1.0669686810e-03
2.2390000000e-01,	2.4394043237e-04,	2.5001662459e+00,	4.9997334911e+02,	5.0002665089e+02,	-1.0660354812e-03
2.2400000000e-01,	2.4383387543e-04,	2.5001662703e+00,	4.9997337241e+02,	5.0002662759e+02,	-1.0651035063e-03
2.2410000000e-01,	2.4372741163e-04,	2.5001662947e+00,	4.9997339568e+02,	5.0002660432e+02,	-1.0641727541e-03
2.2420000000e-01,	2.4362104084e-04,	2.5001663190e+00,	4.9997341892e+02,	5.0002658108e+02,	-1.0632432225e-03
2.2430000000e-01,	2.4351476294e-04,	2.5001663434e+00,	4.9997344213e+02,	5.0002655787e+02,	-1.0623149094e-03
2.2440000000e-01,	2.4340857782e-04,	2.5001663677e+00,	4.9997346530e+02,	5.0002653469e+02,	-1.0613878126e-03
2.2450000000e-01,	2.4330248534e-04,	2.5001663921e+00,	4.9997348845e+02,	5.0002651155e+02,	-1.0604619300e-03
2.2460000000e-01,	2.4319648539e-04,	2.5001664164e+00,	4.9997351157e+02,	5.0002648843e+02,	-1.0595372596e-03
2.2470000000e-01,	2.4309057785e-04,	2.5001664407e+00,	4.9997353465e+02,	5.0002646534e+02,	-1.0586137991e-03
2.2480000000e-01,	2.4298476259e-04,	2.5001664650e+00,	4.9997355771e+02,	5.0002644229e+02,	-1.0576915465e-03
2.2490000000e-01,	2.4287903950e-04,	2.5001664893e+00,	4.9997358074e+02,	5.0002641926e+02,	-1.0567704997e-03
2.2500000000e-01,	2.4277340845e-04,	2.5001665136e+00,	4.9997360373e+02,	5.0002639627e+02,	-1.0558506565e-03
2.2510000000e-01,	2.4266786933e-04,	2.5001665379e+00,	4.9997362670e+02,	5.0002637330e+02,	-1.0549320149e-03
2.2520000000e-01,	2.4256242201e-04,	2.5001665621e+00,	4.9997364964e+02,	5.0002635036e+02,	-1.0540145727e-03
2.2530000000e-01,	2.4245706637e-04,	2.5001665864e+00,	4.9997367254e+02,	5.0002632746e+02,	-1.0530983279e-03
2.2540000000e-01,	2.4235180230e-04,	2.5001666106e+00,	4.9997369542e+02,	5.0002630458e+02,	-1.0521832784e-03
2.2550000000e-01,	2.4224662968e-04,	2.5001666348e+00,	4.9997371826e+02,	5.0002628174e+02,	-1.0512694222e-03
2.2560000000e-01,	2.4214154838e-04,	2.5001666591e+00,	4.9997374108e+02,	5.0002625892e+02,	-1.0503567570e-03
2.2570000000e-01,	2.4203655829e-04,	2.5001666833e+00,	4.9997376387e+02,	5.0002623613e+02,	-1.0494452809e-03
2.2580000000e-01,	2.4193165928e-04,	2.5001667075e+00,	4.9997378662e+02,	5.0002621337e+02,	-1.0485349919e-03
2.2590000000e-01,	2.4182685125e-04,	2.5001667317e+00,	4.9997380935e+02,	5.0002619065e+02,	-1.0476258877e-03
2.2600000000e-01,	2.4172213407e-04,	2.5001667558e+00,	4.9997383205e+02,	5.0002616795e+02,	-1.0467179665e-03
2.2610000000e-01,	2.4161750762e-04,	2.5001667800e+00,	4.9997385472e+02,	5.0002614528e+02,	-1.0458112260e-03
2.2620000000e-01,	2.4151297178e-04,	2.5001668042e+00,	4.9997387736e+02,	5.0002612264e+02,	-1.0449056644e-03
2.2630000000e-01,	2.4140852644e-04,	2.5001668283e+00,	4.9997389997e+02,	5.0002610003e+02,	-1.0440012795e-03
2.2640000000e-01,	2.4130417149e-04,	2.5001668524e+00,	4.9997392255e+02,	5.0002607745e+02,	-1.0430980692e-03
2.2650000000e-01,	2.4119990679e-04,	2.5001668766e+00,	4.9997394510e+02,	5.0002605490e+02,	-1.0421960317e-03
2.2660000000e-01,	2.4109573224e-04,	2.5001669007e+00,	4.9997396762e+02,	5.0002603238e+02,	-1.0412951647e-03
2.2670000000e-01,	2.4099164772e-04,	2.5001669248e+00,	4.9997399011e+02,	5.0002600989e+02,	-1.0403954664e-03
2.2680000000e-01,	2.4088765311e-04,	2.5001669489e+00,	4.9997401258e+02,	5.0002598742e+02,	-1.0394969346e-03
2.2690000000e-01,	2.4078374829e-04,	2.5001669730e+00,	4.9997403501e+02,	5.0002596499e+02,	-1.0385995674e-03
2.2700000000e-01,	2.4067993316e-04,	2.5001669970e+00,	4.9997405742e+02,	5.0002594258e+02,	-1.0377033628e-03
2.2710000000e-01,	2.4057620758e-04,	2.5001670211e+00,	4.9997407979e+02,	5.0002592021e+02,	-1.0368083187e-03
2.2720000000e-01,	2.4047257145e-04,	2.5001670452e+00,	4.9997410214e+02,	5.0002589786e+02,	-1.0359144331e-03
2.2730000000e-01,	2.4036902466e-04,	2.5001670692e+00,	4.9997412446e+02,	5.0002587554e+02,	-1.0350217040e-03
2.2740000000e-01,	2.4026556707e-04,	2.5001670932e+00,	4.9997414675e+02,	5.0002585325e+02,	-1.0341301295e-03
2.2750000000e-01,	2.4016219859e-04,	2.5001671172e+00,	4.9997416901e+02,	5.0002583099e+02,	-1.0332397076e-03
2.2760000000e-01,	2.4005891909e-04,	2.5001671413e+00,	4.9997419124e+02,	5.0002580876e+02,	-1.0323504362e-03
2.2770000000e-01,	2.3995572847e-04,	2.5001671653e+00,	4.9997421344e+02,	5.0002578656e+02,	-1.0314623133e-03
2.2780000000e-01,	2.3985262659e-04,	2.5001671892e+00,	4.9997423562e+02,	5.0002576438e+02,	-1.0305753371e-03
2.2790000000e-01,	2.3974961336e-04,	2.5001672132e+00,	4.9997425776e+02,	5.0002574224e+02,	-1.0296895055e-03
2.2800000000e-01,	2.3964668865e-04,	2.5001672372e+00,	4.9997427988e+02,	5.0002572012e+02,	-1.0288048165e-03
2.2810000000e-01,	2.3954385236e-04,	2.5001672612e+00,	4.9997430197e+02,	5.0002569803e+02,	-1.0279212682e-03
2.2820000000e-01,	2.3944110436e-04,	2.5001672851e+00,	4.9997432403e+02,	5.0002567597e+02,	-1.0270388587e-03
2.2830000000e-01,	2.3933844455e-04,	2.5001673090e+00,	4.9997434606e+02,	5.0002565394e+02,	-1.0261575859e-03
2.2840000000e-01,	2.3923587281e-04,	2.5001673330e+00,	4.9997436806e+02,	5.0002563194e+02,	-1.0252774479e-03
2.2850000000e-01,	2.3913338902e-04,	2.5001673569e+00,	4.9997439004e+02,	5.0002560996e+02,	-1.0243984428e-03
2.2860000000e-01,	2.3903099308e-04,	2.5001673808e+00,	4.9997441199e+02,	5.0002558801e+02,	-1.0235205686e-03
2.2870000000e-01,	2.3892868487e-04,	2.5001674047e+00,	4.9997443390e+02,	5.0002556610e+02,	-1.0226438234e-03
2.2880000000e-01,	2.3882646428e-04,	2.5001674286e+00,	4.9997445579e+02,	5.0002554420e+02,	-1.0217682052e-03
2.2890000000e-01,	2.3872433119e-04,	2.5001674525e+00,	4.9997447766e+02,	5.0002552234e+02,	-1.0208937121e-03
2.2900000000e-01,	2.3862228550e-04,	2.5001674763e+00,	4.9997449949e+02,	5.0002550051e+02,	-1.0200203422e-03
2.2910000000e-01,	2.3852032709e-04,	2.5001675002e+00,	4.9997452130e+02,	5.0002547870e+02,	-1.0191480936e-03
2.2920000000e-01,	2.3841845584e-04,	2.5001675240e+00,	4.9997454308e+02,	5.0002545692e+02,	-1.0182769643e-03
2.2930000000e-01,	2.3831667166e-04,	2.5001675479e+00,	4.9997456483e+02,	5.0002543517e+02,	-1.0174069524e-03
2.2940000000e-01,	2.3821497442e-04,	2.5001675717e+00,	4.9997458655e+02,	5.0002541345e+02,	-1.0165380560e-03
2.2950000000e-01,	2.3811336401e-04,	2.5001675955e+00,	4.9997460824e+02,	5.0002539176e+02,	-1.0156702732e-03
2.2960000000e-01,	2.3801184032e-04,	2.5001676193e+00,	4.9997462991e+02,	5.0002537009e+02,	-1.0148036021e-03
2.2970000000e-01,	2.3791040325e-04,	2.5001676431e+00,	4.9997465155e+02,	5.0002534845e+02,	-1.0139380408e-03
2.2980000000e-01,	2.3780905268e-04,	2.5001676669e+00,	4.9997467316e+02,	5.0002532684e+02,	-1.0130735874e-03
2.2990000000e-01,	2.3770778850e-04,	2.5001676907e+00,	4.9997469474e+02,	5.0002530526e+02,	-1.0122102400e-03
2.3000000000e-01,	2.3760661059e-04,	2.5001677144e+00,	4.9997471630e+02,	5.0002528370e+02,	-1.0113479968e-03
2.3010000000e-01,	2.3750551886e-04,	2.5001677382e+00,	4.9997473783e+02,	5.0002526217e+02,	-1.0104868557e-03
2.3020000000e-01,	2.3740451319e-04,	2.5001677619e+00,	4.9997475933e+02,	5.0002524067e+02,	-1.0096268151e-03
2.3030000000e-01,	2.3730359346e-04,	2.5001677857e+00,	4.9997478080e+02,	5.0002521920e+02,	-1.0087678729e-03
2.3040000000e-01,	2.3720275958e-04,	2.5001678094e+00,	4.9997480225e+02,	5.0002519775e+02,	-1.0079100273e-03
2.3050000000e-01,	2.3710201142e-04,	2.5001678331e+00,	4.9997482367e+02,	5.0002517633e+02,	-1.0070532764e-03
2.3060000000e-01,	2.3700134888e-04,	2.5001678568e+00,	4.9997484506e+02,	5.0002515494e+02,	-1.0061976185e-03
2.3070000000e-01,	2.3690077186e-04,	2.5001678805e+00,	4.9997486642e+02,	5.0002513358e+02,	-1.0053430515e-03
2.3080000000e-01,	2.3680028024e-04,	2.5001679042e+00,	4.9997488776e+02,	5.0002511224e+02,	-1.0044895737e-03
2.3090000000e-01,	2.3669987391e-04,	2.5001679279e+00,	4.9997490907e+02,	5.0002509093e+02,	-1.0036371833e-03
2.3100000000e-01,	2.3659955276e-04,	2.5001679515e+00,	4.9997493035e+02,	5.0002506965e+02,	-1.0027858783e-03
2.3110000000e-01,	2.3649931670e-04,	2.5001679752e+00,	4.9997495161e+02,	5.0002504839e+02,	-1.0019356569e-03
2.3120000000e-01,	2.3639916560e-04,	2.5001679988e+00,	4.9997497284e+02,	5.0002502716e+02,	-1.0010865173e-03
2.3130000000e-01,	2.3629909936e-04,	2.5001680225e+00,	4.9997499404e+02,	5.0002500596e+02,	-1.0002384576e-03
2.3140000000e-01,	2.3619911787e-04,	2.5001680461e+00,	4.9997501521e+02,	5.0002498479e+02,	-9.9939147604e-04
2.3150000000e-01,	2.3609922103e-04,	2.5001680697e+00,	4.9997503636e+02,	5.0002496364e+02,	-9.9854557077e-04
2.3160000000e-01,	2.3599940872e-04,	2.5001680933e+00,	4.9997505748e+02,	5.0002494252e+02,	-9.9770073996e-04
2.3170000000e-01,	2.3589968084e-04,	2.5001681169e+00,	4.9997507857e+02,	5.0002492142e+02,	-9.9685698179e-04
2.3180000000e-01,	2.3580003729e-04,	2.5001681405e+00,	4.9997509964e+02,	5.0002490036e+02,	-9.9601429444e-04
2.3190000000e-01,	2.3570047795e-04,	2.5001681641e+00,	4.9997512068e+02,	5.0002487932e+02,	-9.9517267609e-04
2.3200000000e-01,	2.3560100272e-04,	2.5001681876e+00,	4.9997514170e+02,	5.0002485830e+02,	-9.9433212496e-04
2.3210000000e-01,	2.3550161149e-04,	2.5001682112e+00,	4.9997516268e+02,	5.0002483732e+02,	-9.9349263921e-04
2.3220000000e-01,	2.3540230415e-04,	2.5001682347e+00,	4.9997518364e+02,	5.0002481635e+02,	-9.9265421706e-04
2.3230000000e-01,	2.3530308061e-04,	2.5001682583e+00,	4.9997520458e+02,	5.0002479542e+02,	-9.9181685671e-04
2.3240000000e-01,	2.3520394075e-04,	2.5001682818e+00,	4.9997522549e+02,	5.0002477451e+02,	-9.9098055635e-04
2.3250000000e-01,	2.3510488446e-04,	2.5001683053e+00,	4.9997524637e+02,	5.0002475363e+02,	-9.9014531422e-04
2.3260000000e-01,	2.3500591165e-04,	2.5001683288e+00,	4.9997526722e+02,	5.0002473278e+02,	-9.8931112850e-04
2.3270000000e-01,	2.3490702220e-04,	2.5001683523e+00,	4.9997528805e+02,	5.0002471195e+02,	-9.8847799744e-04
2.3280000000e-01,	2.3480821601e-04,	2.5001683758e+00,	4.9997530885e+02,	5.0002469115e+02,	-9.8764591924e-04
2.3290000000e-01,	2.3470949298e-04,	2.5001683993e+00,	4.9997532963e+02,	5.0002467037e+02,	-9.8681489212e-04
2.3300000000e-01,	2.3461085300e-04,	2.5001684228e+00,	4.9997535038e+02,	5.0002464962e+02,	-9.8598491433e-04
2.3310000000e-01,	2.3451229596e-04,	2.5001684462e+00,	4.9997537110e+02,	5.0002462890e+02,	-9.8515598408e-04
2.3320000000e-01,	2.3441382177e-04,	2.5001684697e+00,	4.9997539180e+02,	5.0002460820e+02,	-9.8432809964e-04
2.3330000000e-01,	2.3431543031e-04,	2.5001684931e+00,	4.9997541247e+02,	5.0002458753e+02,	-9.8350125922e-04
2.3340000000e-01,	2.3421712148e-04,	2.5001685165e+00,	4.9997543311e+02,	5.0002456689e+02,	-9.8267546107e-04
2.3350000000e-01,	2.3411889518e-04,	2.5001685399e+00,	4.9997545373e+02,	5.0002454627e+02,	-9.8185070344e-04
2.3360000000e-01,	2.3402075131e-04,	2.5001685633e+00,	4.9997547432e+02,	5.0002452567e+02,	-9.8102698459e-04
2.3370000000e-01,	2.3392268975e-04,	2.5001685867e+00,	4.9997549489e+02,	5.0002450511e+02,	-9.8020430276e-04
2.3380000000e-01,	2.3382471041e-04,	2.5001686101e+00,	4.9997551543e+02,	5.0002448457e+02,	-9.7938265621e-04
2.3390000000e-01,	2.3372681319e-04,	2.5001686335e+00,	4.9997553595e+02,	5.0002446405e+02,	-9.7856204321e-04
2.3400000000e-01,	2.3362899797e-04,	2.5001686569e+00,	4.9997555644e+02,	5.0002444356e+02,	-9.7774246203e-04
2.3410000000e-01,	2.3353126466e-04,	2.5001686802e+00,	4.9997557690e+02,	5.0002442310e+02,	-9.7692391092e-04
2.3420000000e-01,	2.3343361315e-04,	2.5001687036e+00,	4.9997559734e+02,	5.0002440266e+02,	-9.7610638817e-04
2.3430000000e-01,	2.3333604335e-04,	2.5001687269e+00,	4.9997561775e+02,	5.0002438225e+02,	-9.7528989206e-04
2.3440000000e-01,	2.3323855514e-04,	2.5001687502e+00,	4.9997563814e+02,	5.0002436186e+02,	-9.7447442085e-04
2.3450000000e-01,	2.3314114843e-04,	2.5001687736e+00,	4.9997565850e+02,	5.0002434150e+02,	-9.7365997283e-04
2.3460000000e-01,	2.3304382311e-04,	2.5001687969e+00,	4.9997567884e+02,	5.0002432116e+02,	-9.7284654631e-04
2.3470000000e-01,	2.3294657909e-04,	2.5001688202e+00,	4.9997569915e+02,	5.0002430085e+02,	-9.7203413956e-04
2.3480000000e-01,	2.3284941625e-04,	2.5001688435e+00,	4.9997571943e+02,	5.0002428057e+02,	-9.7122275088e-04
2.3490000000e-01,	2.3275233450e-04,	2.5001688667e+00,	4.9997573969e+02,	5.0002426031e+02,	-9.7041237856e-04
2.3500000000e-01,	2.3265533374e-04,	2.5001688900e+00,	4.9997575992e+02,	5.0002424008e+02,	-9.6960302092e-04
2.3510000000e-01,	2.3255841386e-04,	2.5001689133e+00,	4.9997578013e+02,	5.0002421987e+02,	-9.6879467625e-04
2.3520000000e-01,	2.3246157477e-04,	2.5001689365e+00,	4.9997580032e+02,	5.0002419968e+02,	-9.6798734286e-04
2.3530000000e-01,	2.3236481636e-04,	2.5001689598e+00,	4.9997582047e+02,	5.0002417953e+02,	-9.6718101906e-04
2.3540000000e-01,	2.3226813853e-04,	2.5001689830e+00,	4.9997584061e+02,	5.0002415939e+02,	-9.6637570318e-04
2.3550000000e-01,	2.3217154119e-04,	2.5001690062e+00,	4.9997586071e+02,	5.0002413928e+02,	-9.6557139353e-04
2.3560000000e-01,	2.3207502422e-04,	2.5001690294e+00,	4.9997588080e+02,	5.0002411920e+02,	-9.6476808844e-04
2.3570000000e-01,	2.3197858754e-04,	2.5001690526e+00,	4.9997590085e+02,	5.0002409914e+02,	-9.6396578622e-04
2.3580000000e-01,	2.3188223103e-04,	2.5001690758e+00,	4.9997592089e+02,	5.0002407911e+02,	-9.6316448521e-04
2.3590000000e-01,	2.3178595461e-04,	2.5001690990e+00,	4.9997594089e+02,	5.0002405910e+02,	-9.6236418375e-04
2.3600000000e-01,	2.3168975816e-04,	2.5001691222e+00,	4.9997596088e+02,	5.0002403912e+02,	-9.6156488017e-04
2.3610000000e-01,	2.3159364160e-04,	2.5001691453e+00,	4.9997598084e+02,	5.0002401916e+02,	-9.6076657282e-04
2.3620000000e-01,	2.3149760481e-04,	2.5001691685e+00,	4.9997600077e+02,	5.0002399923e+02,	-9.5996926002e-04
2.3630000000e-01,	2.3140164771e-04,	2.5001691916e+00,	4.9997602068e+02,	5.0002397932e+02,	-9.5917294014e-04
2.3640000000e-01,	2.3130577019e-04,	2.5001692148e+00,	4.9997604056e+02,	5.0002395944e+02,	-9.5837761152e-04
2.3650000000e-01,	2.3120997216e-04,	2.5001692379e+00,	4.9997606042e+02,	5.0002393958e+02,	-9.5758327251e-04
2.3660000000e-01,	2.3111425350e-04,	2.5001692610e+00,	4.9997608025e+02,	5.0002391975e+02,	-9.5678992149e-04
2.3670000000e-01,	2.3101861414e-04,	2.5001692841e+00,	4.9997610006e+02,	5.0002389994e+02,	-9.5599755679e-04
2.3680000000e-01,	2.3092305396e-04,	2.5001693072e+00,	4.9997611985e+02,	5.0002388015e+02,	-9.5520617680e-04
2.3690000000e-01,	2.3082757287e-04,	2.5001693303e+00,	4.9997613961e+02,	5.0002386039e+02,	-9.5441577987e-04
2.3700000000e-01,	2.3073217077e-04,	2.5001693534e+00,	4.9997615934e+02,	5.0002384066e+02,	-9.5362636438e-04
2.3710000000e-01,	2.3063684757e-04,	2.5001693765e+00,	4.9997617905e+02,	5.0002382095e+02,	-9.5283792871e-04
2.3720000000e-01,	2.3054160315e-04,	2.5001693995e+00,	4.9997619874e+02,	5.0002380126e+02,	-9.5205047121e-04
2.3730000000e-01,	2.3044643744e-04,	2.5001694226e+00,	4.9997621840e+02,	5.0002378160e+02,	-9.5126399030e-04
2.3740000000e-01,	2.3035135032e-04,	2.5001694456e+00,	4.9997623804e+02,	5.0002376196e+02,	-9.5047848434e-04
2.3750000000e-01,	2.3025634171e-04,	2.5001694686e+00,	4.9997625765e+02,	5.0002374235e+02,	-9.4969395172e-04
2.3760000000e-01,	2.3016141150e-04,	2.5001694917e+00,	4.9997627724e+02,	5.0002372276e+02,	-9.4891039085e-04
2.3770000000e-01,	2.3006655960e-04,	2.5001695147e+00,	4.9997629680e+02,	5.0002370319e+02,	-9.4812780010e-04
2.3780000000e-01,	2.2997178591e-04,	2.5001695377e+00,	4.9997631635e+02,	5.0002368365e+02,	-9.4734617788e-04
2.3790000000e-01,	2.2987709033e-04,	2.5001695607e+00,	4.9997633586e+02,	5.0002366414e+02,	-9.4656552259e-04
2.3800000000e-01,	2.2978247277e-04,	2.5001695837e+00,	4.9997635535e+02,	5.0002364465e+02,	-9.4578583263e-04
2.3810000000e-01,	2.2968793313e-04,	2.5001696066e+00,	4.9997637482e+02,	5.0002362518e+02,	-9.4500710641e-04
2.3820000000e-01,	2.2959347132e-04,	2.5001696296e+00,	4.9997639427e+02,	5.0002360573e+02,	-9.4422934235e-04
2.3830000000e-01,	2.2949908723e-04,	2.5001696525e+00,	4.9997641369e+02,	5.0002358631e+02,	-9.4345253885e-04
2.3840000000e-01,	2.2940478078e-04,	2.5001696755e+00,	4.9997643308e+02,	5.0002356692e+02,	-9.4267669433e-04
2.3850000000e-01,	2.2931055186e-04,	2.5001696984e+00,	4.9997645245e+02,	5.0002354754e+02,	-9.4190180722e-04
2.3860000000e-01,	2.2921640038e-04,	2.5001697214e+00,	4.9997647180e+02,	5.0002352820e+02,	-9.4112787592e-04
2.3870000000e-01,	2.2912232625e-04,	2.5001697443e+00,	4.9997649113e+02,	5.0002350887e+02,	-9.4035489891e-04
2.3880000000e-01,	2.2902832937e-04,	2.5001697672e+00,	4.9997651043e+02,	5.0002348957e+02,	-9.3958287457e-04
2.3890000000e-01,	2.2893440965e-04,	2.5001697901e+00,	4.9997652970e+02,	5.0002347029e+02,	-9.3881180136e-04
2.3900000000e-01,	2.2884056698e-04,	2.5001698130e+00,	4.9997654896e+02,	5.0002345104e+02,	-9.3804167770e-04
2.3910000000e-01,	2.2874680128e-04,	2.5001698358e+00,	4.9997656819e+02,	5.0002343181e+02,	-9.3727250204e-04
2.3920000000e-01,	2.2865311245e-04,	2.5001698587e+00,	4.9997658739e+02,	5.0002341261e+02,	-9.3650427281e-04
2.3930000000e-01,	2.2855950039e-04,	2.5001698816e+00,	4.9997660657e+02,	5.0002339342e+02,	-9.3573698848e-04
2.3940000000e-01,	2.2846596502e-04,	2.5001699044e+00,	4.9997662573e+02,	5.0002337427e+02,	-9.3497064749e-04
2.3950000000e-01,	2.2837250623e-04,	2.5001699273e+00,	4.9997664487e+02,	5.0002335513e+02,	-9.3420524828e-04
2.3960000000e-01,	2.2827912394e-04,	2.5001699501e+00,	4.9997666398e+02,	5.0002333602e+02,	-9.3344078933e-04
2.3970000000e-01,	2.2818581804e-04,	2.5001699729e+00,	4.9997668307e+02,	5.0002331693e+02,	-9.3267726907e-04
2.3980000000e-01,	2.2809258845e-04,	2.5001699957e+00,	4.9997670213e+02,	5.0002329787e+02,	-9.3191468599e-04
2.3990000000e-01,	2.2799943508e-04,	2.5001700185e+00,	4.9997672117e+02,	5.0002327883e+02,	-9.3115303855e-04
2.4000000000e-01,	2.2790635782e-04,	2.5001700413e+00,	4.9997674019e+02,	5.0002325981e+02,	-9.3039232521e-04
2.4010000000e-01,	2.2781335658e-04,	2.5001700641e+00,	4.9997675919e+02,	5.0002324081e+02,	-9.2963254444e-04
2.4020000000e-01,	2.2772043128e-04,	2.5001700869e+00,	4.9997677816e+02,	5.0002322184e+02,	-9.2887369471e-04
2.4030000000e-01,	2.2762758181e-04,	2.5001701097e+00,	4.9997679711e+02,	5.0002320289e+02,	-9.2811577452e-04
2.4040000000e-01,	2.2753480809e-04,	2.5001701324e+00,	4.9997681603e+02,	5.0002318397e+02,	-9.2735878234e-04
2.4050000000e-01,	2.2744211002e-04,	2.5001701552e+00,	4.9997683493e+02,	5.0002316507e+02,	-9.2660271665e-04
2.4060000000e-01,	2.2734948752e-04,	2.5001701779e+00,	4.9997685381e+02,	5.0002314619e+02,	-9.2584757594e-04
2.4070000000e-01,	2.2725694048e-04,	2.5001702006e+00,	4.9997687267e+02,	5.0002312733e+02,	-9.2509335871e-04
2.4080000000e-01,	2.2716446881e-04,	2.5001702234e+00,	4.9997689150e+02,	5.0002310850e+02,	-9.2434006344e-04
2.4090000000e-01,	2.2707207243e-04,	2.5001702461e+00,	4.9997691031e+02,	5.0002308969e+02,	-9.2358768864e-04
2.4100000000e-01,	2.2697975124e-04,	2.5001702688e+00,	4.9997692909e+02,	5.0002307091e+02,	-9.2283623279e-04
2.4110000000e-01,	2.2688750516e-04,	2.5001702915e+00,	4.9997694786e+02,	5.0002305214e+02,	-9.2208569441e-04
2.4120000000e-01,	2.2679533408e-04,	2.5001703142e+00,	4.9997696660e+02,	5.0002303340e+02,	-9.2133607201e-04
2.4130000000e-01,	2.2670323791e-04,	2.5001703368e+00,	4.9997698532e+02,	5.0002301468e+02,	-9.2058736408e-04
2.4140000000e-01,	2.2661121657e-04,	2.5001703595e+00,	4.9997700401e+02,	5.0002299599e+02,	-9.1983956915e-04
2.4150000000e-01,	2.2651926997e-04,	2.5001703822e+00,	4.9997702268e+02,	5.0002297732e+02,	-9.1909268572e-04
2.4160000000e-01,	2.2642739800e-04,	2.5001704048e+00,	4.9997704133e+02,	5.0002295867e+02,	-9.1834671231e-04
2.4170000000e-01,	2.2633560059e-04,	2.5001704274e+00,	4.9997705996e+02,	5.0002294004e+02,	-9.1760164745e-04
2.4180000000e-01,	2.2624387764e-04,	2.5001704501e+00,	4.9997707856e+02,	5.0002292144e+02,	-9.1685748966e-04
2.4190000000e-01,	2.2615222907e-04,	2.5001704727e+00,	4.9997709714e+02,	5.0002290286e+02,	-9.1611423747e-04
2.4200000000e-01,	2.2606065477e-04,	2.5001704953e+00,	4.9997711570e+02,	5.0002288430e+02,	-9.1537188940e-04
2.4210000000e-01,	2.2596915466e-04,	2.5001705179e+00,	4.9997713424e+02,	5.0002286576e+02,	-9.1463044400e-04
2.4220000000e-01,	2.2587772865e-04,	2.5001705405e+00,	4.9997715275e+02,	5.0002284725e+02,	-9.1388989979e-04
2.4230000000e-01,	2.2578637665e-04,	2.5001705631e+00,	4.9997717124e+02,	5.0002282876e+02,	-9.1315025532e-04
2.4240000000e-01,	2.2569509857e-04,	2.5001705856e+00,	4.9997718971e+02,	5.0002281029e+02,	-9.1241150912e-04
2.4250000000e-01,	2.2560389432e-04,	2.5001706082e+00,	4.9997720816e+02,	5.0002279184e+02,	-9.1167365974e-04
2.4260000000e-01,	2.2551276381e-04,	2.5001706308e+00,	4.9997722658e+02,	5.0002277342e+02,	-9.1093670574e-04
2.4270000000e-01,	2.2542170695e-04,	2.5001706533e+00,	4.9997724498e+02,	5.0002275502e+02,	-9.1020064565e-04
2.4280000000e-01,	2.2533072365e-04,	2.5001706759e+00,	4.9997726336e+02,	5.0002273664e+02,	-9.0946547804e-04
2.4290000000e-01,	2.2523981382e-04,	2.5001706984e+00,	4.9997728172e+02,	5.0002271828e+02,	-9.0873120146e-04
2.4300000000e-01,	2.2514897738e-04,	2.5001707209e+00,	4.9997730005e+02,	5.0002269994e+02,	-9.0799781447e-04
2.4310000000e-01,	2.2505821423e-04,	2.5001707434e+00,	4.9997731837e+02,	5.0002268163e+02,	-9.0726531562e-04
2.4320000000e-01,	2.2496752428e-04,	2.5001707659e+00,	4.9997733666e+02,	5.0002266334e+02,	-9.0653370349e-04
2.4330000000e-01,	2.2487690746e-04,	2.5001707884e+00,	4.9997735493e+02,	5.0002264507e+02,	-9.0580297666e-04
2.4340000000e-01,	2.2478636366e-04,	2.5001708109e+00,	4.9997737317e+02,	5.0002262683e+02,	-9.0507313368e-04
2.4350000000e-01,	2.2469589280e-04,	2.5001708334e+00,	4.9997739140e+02,	5.0002260860e+02,	-9.0434417314e-04
2.4360000000e-01,	2.2460549480e-04,	2.5001708558e+00,	4.9997740960e+02,	5.0002259040e+02,	-9.0361609359e-04
2.4370000000e-01,	2.2451516955e-04,	2.5001708783e+00,	4.9997742778e+02,	5.0002257222e+02,	-9.0288889365e-04
2.4380000000e-01,	2.2442491699e-04,	2.5001709007e+00,	4.9997744594e+02,	5.0002255406e+02,	-9.0216257187e-04
2.4390000000e-01,	2.2433473701e-04,	2.5001709232e+00,	4.9997746407e+02,	5.0002253593e+02,	-9.0143712684e-04
2.4400000000e-01,	2.2424462953e-04,	2.5001709456e+00,	4.9997748219e+02,	5.0002251781e+02,	-9.0071255716e-04
2.4410000000e-01,	2.2415459447e-04,	2.5001709680e+00,	4.9997750028e+02,	5.0002249972e+02,	-8.9998886141e-04
2.4420000000e-01,	2.2406463173e-04,	2.5001709904e+00,	4.9997751835e+02,	5.0002248165e+02,	-8.9926603820e-04
2.4430000000e-01,	2.2397474123e-04,	2.5001710128e+00,	4.9997753640e+02,	5.0002246360e+02,	-8.9854408611e-04
2.4440000000e-01,	2.2388492288e-04,	2.5001710352e+00,	4.9997755442e+02,	5.0002244557e+02,	-8.9782300375e-04
2.4450000000e-01,	2.2379517660e-04,	2.5001710576e+00,	4.9997757243e+02,	5.0002242757e+02,	-8.9710278971e-04
2.4460000000e-01,	2.2370550230e-04,	2.5001710800e+00,	4.9997759041e+02,	5.0002240959e+02,	-8.9638344261e-04
2.4470000000e-01,	2.2361589989e-04,	2.5001711023e+00,	4.9997760838e+02,	5.0002239162e+02,	-8.9566496106e-04
2.4480000000e-01,	2.2352636928e-04,	2.5001711247e+00,	4.9997762632e+02,	5.0002237368e+02,	-8.9494734365e-04
2.4490000000e-01,	2.2343691039e-04,	2.5001711471e+00,	4.9997764423e+02,	5.0002235576e+02,	-8.9423058900e-04
2.4500000000e-01,	2.2334752313e-04,	2.5001711694e+00,	4.9997766213e+02,	5.0002233787e+02,	-8.9351469575e-04
2.4510000000e-01,	2.2325820742e-04,	2.5001711917e+00,	4.9997768001e+02,	5.0002231999e+02,	-8.9279966249e-04
2.4520000000e-01,	2.2316896317e-04,	2.5001712140e+00,	4.9997769786e+02,	5.0002230214e+02,	-8.9208548786e-04
2.4530000000e-01,	2.2307979029e-04,	2.5001712364e+00,	4.9997771570e+02,	5.0002228430e+02,	-8.9137217048e-04
2.4540000000e-01,	2.2299068871e-04,	2.5001712587e+00,	4.9997773351e+02,	5.0002226649e+02,	-8.9065970898e-04
2.4550000000e-01,	2.2290165832e-04,	2.5001712810e+00,	4.9997775130e+02,	5.0002224870e+02,	-8.8994810198e-04
2.4560000000e-01,	2.2281269906e-04,	2.5001713032e+00,	4.9997776907e+02,	5.0002223093e+02,	-8.8923734812e-04
2.4570000000e-01,	2.2272381083e-04,	2.5001713255e+00,	4.9997778681e+02,	5.0002221319e+02,	-8.8852744603e-04
2.4580000000e-01,	2.2263499354e-04,	2.5001713478e+00,	4.9997780454e+02,	5.0002219546e+02,	-8.8781839436e-04
2.4590000000e-01,	2.2254624712e-04,	2.5001713700e+00,	4.9997782224e+02,	5.0002217775e+02,	-8.8711019175e-04
2.4600000000e-01,	2.2245757147e-04,	2.5001713923e+00,	4.9997783993e+02,	5.0002216007e+02,	-8.8640283683e-04
2.4610000000e-01,	2.2236896652e-04,	2.5001714145e+00,	4.9997785759e+02,	5.0002214241e+02,	-8.8569632826e-04
2.4620000000e-01,	2.2228043218e-04,	2.5001714368e+00,	4.9997787523e+02,	5.0002212477e+02,	-8.8499066468e-04
2.4630000000e-01,	2.2219196836e-04,	2.5001714590e+00,	4.9997789285e+02,	5.0002210715e+02,	-8.8428584476e-04
2.4640000000e-01,	2.2210357498e-04,	2.5001714812e+00,	4.9997791045e+02,	5.0002208955e+02,	-8.8358186713e-04
2.4650000000e-01,	2.2201525196e-04,	2.5001715034e+00,	4.9997792803e+02,	5.0002207197e+02,	-8.8287873045e-04
2.4660000000e-01,	2.2192699921e-04,	2.5001715256e+00,	4.9997794559e+02,	5.0002205441e+02,	-8.8217643341e-04
2.4670000000e-01,	2.2183881665e-04,	2.5001715478e+00,	4.9997796313e+02,	5.0002203687e+02,	-8.8147497464e-04
2.4680000000e-01,	2.2175070419e-04,	2.5001715700e+00,	4.9997798064e+02,	5.0002201936e+02,	-8.8077435282e-04
2.4690000000e-01,	2.2166266175e-04,	2.5001715921e+00,	4.9997799814e+02,	5.0002200186e+02,	-8.8007456661e-04
2.4700000000e-01,	2.2157468924e-04,	2.5001716143e+00,	4.9997801561e+02,	5.0002198439e+02,	-8.7937561470e-04
2.4710000000e-01,	2.2148678660e-04,	2.5001716365e+00,	4.9997803306e+02,	5.0002196694e+02,	-8.7867749574e-04
2.4720000000e-01,	2.2139895372e-04,	2.5001716586e+00,	4.9997805049e+02,	5.0002194950e+02,	-8.7798020841e-04
2.4730000000e-01,	2.2131119053e-04,	2.5001716807e+00,	4.9997806791e+02,	5.0002193209e+02,	-8.7728375140e-04
2.4740000000e-01,	2.2122349694e-04,	2.5001717029e+00,	4.9997808530e+02,	5.0002191470e+02,	-8.7658812338e-04
2.4750000000e-01,	2.2113587287e-04,	2.5001717250e+00,	4.9997810267e+02,	5.0002189733e+02,	-8.7589332304e-04
2.4760000000e-01,	2.2104831825e-04,	2.5001717471e+00,	4.9997812002e+02,	5.0002187998e+02,	-8.7519934907e-04
2.4770000000e-01,	2.2096083298e-04,	2.5001717692e+00,	4.9997813734e+02,	5.0002186265e+02,	-8.7450620015e-04
2.4780000000e-01,	2.2087341698e-04,	2.5001717913e+00,	4.9997815465e+02,	5.0002184535e+02,	-8.7381387498e-04
2.4790000000e-01,	2.2078607017e-04,	2.5001718134e+00,	4.9997817194e+02,	5.0002182806e+02,	-8.7312237225e-04
2.4800000000e-01,	2.2069879248e-04,	2.5001718354e+00,	4.9997818921e+02,	5.0002181079e+02,	-8.7243169066e-04
2.4810000000e-01,	2.2061158381e-04,	2.5001718575e+00,	4.9997820645e+02,	5.0002179355e+02,	-8.7174182891e-04
2.4820000000e-01,	2.2052444409e-04,	2.5001718796e+00,	4.9997822368e+02,	5.0002177632e+02,	-8.7105278568e-04
2.4830000000e-01,	2.2043737323e-04,	2.5001719016e+00,	4.9997824089e+02,	5.0002175911e+02,	-8.7036455970e-04
2.4840000000e-01,	2.2035037115e-04,	2.5001719237e+00,	4.9997825807e+02,	5.0002174193e+02,	-8.6967714967e-04
2.4850000000e-01,	2.2026343777e-04,	2.5001719457e+00,	4.9997827524e+02,	5.0002172476e+02,	-8.6899055430e-04
2.4860000000e-01,	2.2017657301e-04,	2.5001719677e+00,	4.9997829238e+02,	5.0002170762e+02,	-8.6830477231e-04
2.4870000000e-01,	2.2008977679e-04,	2.5001719897e+00,	4.9997830950e+02,	5.0002169049e+02,	-8.6761980240e-04
2.4880000000e-01,	2.2000304902e-04,	2.5001720117e+00,	4.9997832661e+02,	5.0002167339e+02,	-8.6693564330e-04
2.4890000000e-01,	2.1991638963e-04,	2.5001720337e+00,	4.9997834369e+02,	5.0002165631e+02,	-8.6625229372e-04
2.4900000000e-01,	2.1982979854e-04,	2.5001720557e+00,	4.9997836076e+02,	5.0002163924e+02,	-8.6556975239e-04
2.4910000000e-01,	2.1974327565e-04,	2.5001720777e+00,	4.9997837780e+02,	5.0002162220e+02,	-8.6488801803e-04
2.4920000000e-01,	2.1965682090e-04,	2.5001720997e+00,	4.9997839482e+02,	5.0002160518e+02,	-8.6420708937e-04
2.4930000000e-01,	2.1957043421e-04,	2.5001721216e+00,	4.9997841183e+02,	5.0002158817e+02,	-8.6352696514e-04
2.4940000000e-01,	2.1948411549e-04,	2.5001721436e+00,	4.9997842881e+02,	5.0002157119e+02,	-8.6284764406e-04
2.4950000000e-01,	2.1939786465e-04,	2.5001721655e+00,	4.9997844577e+02,	5.0002155423e+02,	-8.6216912489e-04
2.4960000000e-01,	2.1931168163e-04,	2.5001721875e+00,	4.9997846271e+02,	5.0002153728e+02,	-8.6149140635e-04
2.4970000000e-01,	2.1922556635e-04,	2.5001722094e+00,	4.9997847964e+02,	5.0002152036e+02,	-8.6081448718e-04
2.4980000000e-01,	2.1913951871e-04,	2.5001722313e+00,	4.9997849654e+02,	5.0002150346e+02,	-8.6013836614e-04
2.4990000000e-01,	2.1905353865e-04,	2.5001722532e+00,	4.9997851342e+02,	5.0002148658e+02,	-8.5946304196e-04
2.5000000000e-01,	2.1896762607e-04,	2.5001722751e+00,	4.9997853029e+02,	5.0002146971e+02,	-8.5878851336e-04
2.5010000000e-01,	2.1888178092e-04,	2.5001722970e+00,	4.9997854713e+02,	5.0002145287e+02,	-8.5811477913e-04
2.5020000000e-01,	2.1879600309e-04,	2.5001723189e+00,	4.9997856395e+02,	5.0002143605e+02,	-8.5744183802e-04
2.5030000000e-01,	2.1871029252e-04,	2.5001723408e+00,	4.9997858076e+02,	5.0002141924e+02,	-8.5676968877e-04
2.5040000000e-01,	2.1862464913e-04,	2.5001723626e+00,	4.9997859754e+02,	5.0002140246e+02,	-8.5609833015e-04
2.5050000000e-01,	2.1853907283e-04,	2.5001723845e+00,	4.9997861431e+02,	5.0002138569e+02,	-8.5542776090e-04
2.5060000000e-01,	2.1845356355e-04,	2.5001724063e+00,	4.9997863105e+02,	5.0002136895e+02,	-8.5475797980e-04
2.5070000000e-01,	2.1836812121e-04,	2.5001724282e+00,	4.9997864777e+02,	5.0002135222e+02,	-8.5408898562e-04
2.5080000000e-01,	2.1828274573e-04,	2.5001724500e+00,	4.9997866448e+02,	5.0002133552e+02,	-8.5342077710e-04
2.5090000000e-01,	2.1819743703e-04,	2.5001724718e+00,	4.9997868117e+02,	5.0002131883e+02,	-8.5275335303e-04
2.5100000000e-01,	2.1811219503e-04,	2.5001724936e+00,	4.9997869783e+02,	5.0002130217e+02,	-8.5208671217e-04
2.5110000000e-01,	2.1802701966e-04,	2.5001725155e+00,	4.9997871448e+02,	5.0002128552e+02,	-8.5142085331e-04
2.5120000000e-01,	2.1794191083e-04,	2.5001725373e+00,	4.9997873111e+02,	5.0002126889e+02,	-8.5075577521e-04
2.5130000000e-01,	2.1785686848e-04,	2.5001725590e+00,	4.9997874771e+02,	5.0002125229e+02,	-8.5009147666e-04
2.5140000000e-01,	2.1777189251e-04,	2.5001725808e+00,	4.9997876430e+02,	5.0002123570e+02,	-8.4942795643e-04
2.5150000000e-01,	2.1768698286e-04,	2.5001726026e+00,	4.9997878087e+02,	5.0002121913e+02,	-8.4876521332e-04
2.5160000000e-01,	2.1760213944e-04,	2.5001726244e+00,	4.9997879742e+02,	5.0002120258e+02,	-8.4810324610e-04
2.5170000000e-01,	2.1751736218e-04,	2.5001726461e+00,	4.9997881395e+02,	5.0002118605e+02,	-8.4744205357e-04
2.5180000000e-01,	2.1743265101e-04,	2.5001726679e+00,	4.9997883046e+02,	5.0002116954e+02,	-8.4678163450e-04
2.5190000000e-01,	2.1734800583e-04,	2.5001726896e+00,	4.9997884695e+02,	5.0002115305e+02,	-8.4612198772e-04
2.5200000000e-01,	2.1726342658e-04,	2.5001727113e+00,	4.9997886342e+02,	5.0002113658e+02,	-8.4546311200e-04
2.5210000000e-01,	2.1717891318e-04,	2.5001727331e+00,	4.9997887987e+02,	5.0002112012e+02,	-8.4480500614e-04
2.5220000000e-01,	2.1709446556e-04,	2.5001727548e+00,	4.9997889631e+02,	5.0002110369e+02,	-8.4414766894e-04
2.5230000000e-01,	2.1701008362e-04,	2.5001727765e+00,	4.9997891272e+02,	5.0002108728e+02,	-8.4349109921e-04
2.5240000000e-01,	2.1692576731e-04,	2.5001727982e+00,	4.9997892912e+02,	5.0002107088e+02,	-8.4283529575e-04
2.5250000000e-01,	2.1684151654e-04,	2.5001728199e+00,	4.9997894549e+02,	5.0002105451e+02,	-8.4218025737e-04
2.5260000000e-01,	2.1675733123e-04,	2.5001728415e+00,	4.9997896185e+02,	5.0002103815e+02,	-8.4152598287e-04
2.5270000000e-01,	2.1667321132e-04,	2.5001728632e+00,	4.9997897819e+02,	5.0002102181e+02,	-8.4087247107e-04
2.5280000000e-01,	2.1658915671e-04,	2.5001728849e+00,	4.9997899451e+02,	5.0002100549e+02,	-8.4021972078e-04
2.5290000000e-01,	2.1650516735e-04,	2.5001729065e+00,	4.9997901081e+02,	5.0002098919e+02,	-8.3956773082e-04
2.5300000000e-01,	2.1642124314e-04,	2.5001729282e+00,	4.9997902709e+02,	5.0002097291e+02,	-8.3891650002e-04
2.5310000000e-01,	2.1633738402e-04,	2.5001729498e+00,	4.9997904335e+02,	5.0002095665e+02,	-8.3826602718e-04
2.5320000000e-01,	2.1625358991e-04,	2.5001729714e+00,	4.9997905959e+02,	5.0002094041e+02,	-8.3761631113e-04
2.5330000000e-01,	2.1616986074e-04,	2.5001729931e+00,	4.9997907582e+02,	5.0002092418e+02,	-8.3696735070e-04
2.5340000000e-01,	2.1608619642e-04,	2.5001730147e+00,	4.9997909202e+02,	5.0002090798e+02,	-8.3631914472e-04
2.5350000000e-01,	2.1600259688e-04,	2.5001730363e+00,	4.9997910821e+02,	5.0002089179e+02,	-8.3567169202e-04
2.5360000000e-01,	2.1591906205e-04,	2.5001730579e+00,	4.9997912437e+02,	5.0002087562e+02,	-8.3502499141e-04
2.5370000000e-01,	2.1583559186e-04,	2.5001730795e+00,	4.9997914052e+02,	5.0002085948e+02,	-8.3437904177e-04
2.5380000000e-01,	2.1575218622e-04,	2.5001731010e+00,	4.9997915665e+02,	5.0002084335e+02,	-8.3373384189e-04
2.5390000000e-01,	2.1566884506e-04,	2.5001731226e+00,	4.9997917276e+02,	5.0002082723e+02,	-8.3308939063e-04
2.5400000000e-01,	2.1558556832e-04,	2.5001731442e+00,	4.9997918886e+02,	5.0002081114e+02,	-8.3244568683e-04
2.5410000000e-01,	2.1550235590e-04,	2.5001731657e+00,	4.9997920493e+02,	5.0002079507e+02,	-8.3180272934e-04
2.5420000000e-01,	2.1541920775e-04,	2.5001731873e+00,	4.9997922099e+02,	5.0002077901e+02,	-8.3116051700e-04
2.5430000000e-01,	2.1533612377e-04,	2.5001732088e+00,	4.9997923702e+02,	5.0002076298e+02,	-8.3051904866e-04
2.5440000000e-01,	2.1525310391e-04,	2.5001732303e+00,	4.9997925304e+02,	5.0002074696e+02,	-8.2987832317e-04
2.5450000000e-01,	2.1517014809e-04,	2.5001732519e+00,	4.9997926904e+02,	5.0002073096e+02,	-8.2923833938e-04
2.5460000000e-01,	2.1508725622e-04,	2.5001732734e+00,	4.9997928502e+02,	5.0002071498e+02,	-8.2859909615e-04
2.5470000000e-01,	2.1500442824e-04,	2.5001732949e+00,	4.9997930098e+02,	5.0002069901e+02,	-8.2796059232e-04
2.5480000000e-01,	2.1492166408e-04,	2.5001733164e+00,	4.9997931693e+02,	5.0002068307e+02,	-8.2732282678e-04
2.5490000000e-01,	2.1483896365e-04,	2.5001733379e+00,	4.9997933285e+02,	5.0002066714e+02,	-8.2668579837e-04
2.5500000000e-01,	2.1475632689e-04,	2.5001733594e+00,	4.9997934876e+02,	5.0002065124e+02,	-8.2604950595e-04
2.5510000000e-01,	2.1467375373e-04,	2.5001733808e+00,	4.9997936465e+02,	5.0002063535e+02,	-8.2541394840e-04
2.5520000000e-01,	2.1459124408e-04,	2.5001734023e+00,	4.9997938052e+02,	5.0002061948e+02,	-8.2477912458e-04
2.5530000000e-01,	2.1450879788e-04,	2.5001734237e+00,	4.9997939637e+02,	5.0002060363e+02,	-8.2414503336e-04
2.5540000000e-01,	2.1442641505e-04,	2.5001734452e+00,	4.9997941221e+02,	5.0002058779e+02,	-8.2351167362e-04
2.5550000000e-01,	2.1434409552e-04,	2.5001734666e+00,	4.9997942802e+02,	5.0002057198e+02,	-8.2287904423e-04
2.5560000000e-01,	2.1426183921e-04,	2.5001734881e+00,	4.9997944382e+02,	5.0002055618e+02,	-8.2224714406e-04
2.5570000000e-01,	2.1417964606e-04,	2.5001735095e+00,	4.9997945960e+02,	5.0002054040e+02,	-8.2161597200e-04
2.5580000000e-01,	2.1409751600e-04,	2.5001735309e+00,	4.9997947536e+02,	5.0002052464e+02,	-8.2098552691e-04
2.5590000000e-01,	2.1401544893e-04,	2.5001735523e+00,	4.9997949110e+02,	5.0002050889e+02,	-8.2035580770e-04
2.5600000000e-01,	2.1393344481e-04,	2.5001735737e+00,	4.9997950683e+02,	5.0002049317e+02,	-8.1972681325e-04
2.5610000000e-01,	2.1385150355e-04,	2.5001735951e+00,	4.9997952254e+02,	5.0002047746e+02,	-8.1909854243e-04
2.5620000000e-01,	2.1376962508e-04,	2.5001736165e+00,	4.9997953822e+02,	5.0002046177e+02,	-8.1847099415e-04
2.5630000000e-01,	2.1368780932e-04,	2.5001736378e+00,	4.9997955390e+02,	5.0002044610e+02,	-8.1784416729e-04
2.5640000000e-01,	2.1360605622e-04,	2.5001736592e+00,	4.9997956955e+02,	5.0002043045e+02,	-8.1721806075e-04
2.5650000000e-01,	2.1352436569e-04,	2.5001736806e+00,	4.9997958518e+02,	5.0002041482e+02,	-8.1659267341e-04
2.5660000000e-01,	2.1344273766e-04,	2.5001737019e+00,	4.9997960080e+02,	5.0002039920e+02,	-8.1596800419e-04
2.5670000000e-01,	2.1336117206e-04,	2.5001737232e+00,	4.9997961640e+02,	5.0002038360e+02,	-8.1534405199e-04
2.5680000000e-01,	2.1327966883e-04,	2.5001737446e+00,	4.9997963198e+02,	5.0002036802e+02,	-8.1472081569e-04
2.5690000000e-01,	2.1319822788e-04,	2.5001737659e+00,	4.9997964754e+02,	5.0002035246e+02,	-8.1409829421e-04
2.5700000000e-01,	2.1311684914e-04,	2.5001737872e+00,	4.9997966309e+02,	5.0002033691e+02,	-8.1347648646e-04
2.5710000000e-01,	2.1303553256e-04,	2.5001738085e+00,	4.9997967861e+02,	5.0002032138e+02,	-8.1285539133e-04
2.5720000000e-01,	2.1295427804e-04,	2.5001738298e+00,	4.9997969412e+02,	5.0002030587e+02,	-8.1223500776e-04
2.5730000000e-01,	2.1287308553e-04,	2.5001738511e+00,	4.9997970962e+02,	5.0002029038e+02,	-8.1161533463e-04
2.5740000000e-01,	2.1279195495e-04,	2.5001738724e+00,	4.9997972509e+02,	5.0002027491e+02,	-8.1099637088e-04
2.5750000000e-01,	2.1271088623e-04,	2.5001738937e+00,	4.9997974055e+02,	5.0002025945e+02,	-8.1037811542e-04
2.5760000000e-01,	2.1262987930e-04,	2.5001739149e+00,	4.9997975599e+02,	5.0002024401e+02,	-8.0976056717e-04
2.5770000000e-01,	2.1254893410e-04,	2.5001739362e+00,	4.9997977141e+02,	5.0002022859e+02,	-8.0914372503e-04
2.5780000000e-01,	2.1246805054e-04,	2.5001739575e+00,	4.9997978681e+02,	5.0002021319e+02,	-8.0852758794e-04
2.5790000000e-01,	2.1238722856e-04,	2.5001739787e+00,	4.9997980220e+02,	5.0002019780e+02,	-8.0791215485e-04
2.5800000000e-01,	2.1230646808e-04,	2.5001739999e+00,	4.9997981756e+02,	5.0002018244e+02,	-8.0729742466e-04
2.5810000000e-01,	2.1222576905e-04,	2.5001740212e+00,	4.9997983291e+02,	5.0002016708e+02,	-8.0668339629e-04
2.5820000000e-01,	2.1214513138e-04,	2.5001740424e+00,	4.9997984825e+02,	5.0002015175e+02,	-8.0607006869e-04
2.5830000000e-01,	2.1206455501e-04,	2.5001740636e+00,	4.9997986356e+02,	5.0002013644e+02,	-8.0545744079e-04
2.5840000000e-01,	2.1198403987e-04,	2.5001740848e+00,	4.9997987886e+02,	5.0002012114e+02,	-8.0484551152e-04
2.5850000000e-01,	2.1190358588e-04,	2.5001741060e+00,	4.9997989414e+02,	5.0002010586e+02,	-8.0423427982e-04
2.5860000000e-01,	2.1182319299e-04,	2.5001741272e+00,	4.9997990941e+02,	5.0002009059e+02,	-8.0362374463e-04
2.5870000000e-01,	2.1174286111e-04,	2.5001741483e+00,	4.9997992465e+02,	5.0002007535e+02,	-8.0301390489e-04
2.5880000000e-01,	2.1166259018e-04,	2.5001741695e+00,	4.9997993988e+02,	5.0002006012e+02,	-8.0240475955e-04
2.5890000000e-01,	2.1158238014e-04,	2.5001741907e+00,	4.9997995509e+02,	5.0002004491e+02,	-8.0179630754e-04
2.5900000000e-01,	2.1150223090e-04,	2.5001742118e+00,	4.9997997029e+02,	5.0002002971e+02,	-8.0118854782e-04
2.5910000000e-01,	2.1142214240e-04,	2.5001742330e+00,	4.9997998546e+02,	5.0002001454e+02,	-8.0058147934e-04
2.5920000000e-01,	2.1134211458e-04,	2.5001742541e+00,	4.9998000062e+02,	5.0001999938e+02,	-7.9997510105e-04
2.5930000000e-01,	2.1126214736e-04,	2.5001742752e+00,	4.9998001576e+02,	5.0001998423e+02,	-7.9936941189e-04
2.5940000000e-01,	2.1118224068e-04,	2.5001742964e+00,	4.9998003089e+02,	5.0001996911e+02,	-7.9876441084e-04
2.5950000000e-01,	2.1110239446e-04,	2.5001743175e+00,	4.9998004600e+02,	5.0001995400e+02,	-7.9816009684e-04
2.5960000000e-01,	2.1102260863e-04,	2.5001743386e+00,	4.9998006109e+02,	5.0001993891e+02,	-7.9755646885e-04
2.5970000000e-01,	2.1094288314e-04,	2.5001743597e+00,	4.9998007616e+02,	5.0001992384e+02,	-7.9695352584e-04
2.5980000000e-01,	2.1086321791e-04,	2.5001743808e+00,	4.9998009122e+02,	5.0001990878e+02,	-7.9635126677e-04
2.5990000000e-01,	2.1078361286e-04,	2.5001744019e+00,	4.9998010626e+02,	5.0001989374e+02,	-7.9574969057e-04
2.6000000000e-01,	2.1070406794e-04,	2.5001744229e+00,	4.9998012128e+02,	5.0001987872e+02,	-7.9514879628e-04
2.6010000000e-01,	2.1062458308e-04,	2.5001744440e+00,	4.9998013629e+02,	5.0001986371e+02,	-7.9454858283e-04
2.6020000000e-01,	2.1054515821e-04,	2.5001744651e+00,	4.9998015127e+02,	5.0001984873e+02,	-7.9394904918e-04
2.6030000000e-01,	2.1046579325e-04,	2.5001744861e+00,	4.9998016624e+02,	5.0001983375e+02,	-7.9335019432e-04
2.6040000000e-01,	2.1038648814e-04,	2.5001745072e+00,	4.9998018120e+02,	5.0001981880e+02,	-7.9275201721e-04
2.6050000000e-01,	2.1030724282e-04,	2.5001745282e+00,	4.9998019614e+02,	5.0001980386e+02,	-7.9215451684e-04
2.6060000000e-01,	2.1022805722e-04,	2.5001745492e+00,	4.9998021106e+02,	5.0001978894e+02,	-7.9155769219e-04
2.6070000000e-01,	2.1014893126e-04,	2.5001745702e+00,	4.9998022596e+02,	5.0001977404e+02,	-7.9096154223e-04
2.6080000000e-01,	2.1006986489e-04,	2.5001745912e+00,	4.9998024085e+02,	5.0001975915e+02,	-7.9036606595e-04
2.6090000000e-01,	2.0999085803e-04,	2.5001746122e+00,	4.9998025572e+02,	5.0001974428e+02,	-7.8977126234e-04
2.6100000000e-01,	2.0991191061e-04,	2.5001746332e+00,	4.9998027057e+02,	5.0001972943e+02,	-7.8917713037e-04
2.6110000000e-01,	2.0983302258e-04,	2.5001746542e+00,	4.9998028541e+02,	5.0001971459e+02,	-7.8858366904e-04
2.6120000000e-01,	2.0975419386e-04,	2.5001746752e+00,	4.9998030023e+02,	5.0001969977e+02,	-7.8799087734e-04
2.6130000000e-01,	2.0967542438e-04,	2.5001746962e+00,	4.9998031503e+02,	5.0001968497e+02,	-7.8739875426e-04
2.6140000000e-01,	2.0959671408e-04,	2.5001747171e+00,	4.9998032982e+02,	5.0001967018e+02,	-7.8680729879e-04
2.6150000000e-01,	2.0951806290e-04,	2.5001747381e+00,	4.9998034459e+02,	5.0001965541e+02,	-7.8621650994e-04
2.6160000000e-01,	2.0943947076e-04,	2.5001747591e+00,	4.9998035934e+02,	5.0001964066e+02,	-7.8562638670e-04
2.6170000000e-01,	2.0936093760e-04,	2.5001747800e+00,	4.9998037408e+02,	5.0001962592e+02,	-7.8503692806e-04
2.6180000000e-01,	2.0928246335e-04,	2.5001748009e+00,	4.9998038880e+02,	5.0001961120e+02,	-7.8444813303e-04
2.6190000000e-01,	2.0920404795e-04,	2.5001748218e+00,	4.9998040350e+02,	5.0001959650e+02,	-7.8386000062e-04
2.6200000000e-01,	2.0912569133e-04,	2.5001748428e+00,	4.9998041819e+02,	5.0001958181e+02,	-7.8327252983e-04
2.6210000000e-01,	2.0904739342e-04,	2.5001748637e+00,	4.9998043286e+02,	5.0001956714e+02,	-7.8268571966e-04
2.6220000000e-01,	2.0896915416e-04,	2.5001748846e+00,	4.9998044751e+02,	5.0001955249e+02,	-7.8209956912e-04
2.6230000000e-01,	2.0889097349e-04,	2.5001749055e+00,	4.9998046215e+02,	5.0001953785e+02,	-7.8151407724e-04
2.6240000000e-01,	2.0881285133e-04,	2.5001749264e+00,	4.9998047677e+02,	5.0001952323e+02,	-7.8092924302e-04
2.6250000000e-01,	2.0873478762e-04,	2.5001749472e+00,	4.9998049137e+02,	5.0001950863e+02,	-7.8034506548e-04
2.6260000000e-01,	2.0865678229e-04,	2.5001749681e+00,	4.9998050596e+02,	5.0001949404e+02,	-7.7976154362e-04
2.6270000000e-01,	2.0857883529e-04,	2.5001749890e+00,	4.9998052053e+02,	5.0001947947e+02,	-7.7917867647e-04
2.6280000000e-01,	2.0850094653e-04,	2.5001750098e+00,	4.9998053509e+02,	5.0001946491e+02,	-7.7859646305e-04
2.6290000000e-01,	2.0842311597e-04,	2.5001750307e+00,	4.9998054963e+02,	5.0001945037e+02,	-7.7801490239e-04
2.6300000000e-01,	2.0834534353e-04,	2.5001750515e+00,	4.9998056415e+02,	5.0001943585e+02,	-7.7743399350e-04
2.6310000000e-01,	2.0826762915e-04,	2.5001750723e+00,	4.9998057866e+02,	5.0001942134e+02,	-7.7685373541e-04
2.6320000000e-01,	2.0818997276e-04,	2.5001750932e+00,	4.9998059315e+02,	5.0001940685e+02,	-7.7627412715e-04
2.6330000000e-01,	2.0811237430e-04,	2.5001751140e+00,	4.9998060762e+02,	5.0001939238e+02,	-7.7569516775e-04
2.6340000000e-01,	2.0803483371e-04,	2.5001751348e+00,	4.9998062208e+02,	5.0001937792e+02,	-7.7511685624e-04
2.6350000000e-01,	2.0795735091e-04,	2.5001751556e+00,	4.9998063652e+02,	5.0001936348e+02,	-7.7453919165e-04
2.6360000000e-01,	2.0787992585e-04,	2.5001751764e+00,	4.9998065095e+02,	5.0001934905e+02,	-7.7396217302e-04
2.6370000000e-01,	2.0780255845e-04,	2.5001751972e+00,	4.9998066535e+02,	5.0001933464e+02,	-7.7338579939e-04
2.6380000000e-01,	2.0772524867e-04,	2.5001752179e+00,	4.9998067975e+02,	5.0001932025e+02,	-7.7281006979e-04
2.6390000000e-01,	2.0764799642e-04,	2.5001752387e+00,	4.9998069413e+02,	5.0001930587e+02,	-7.7223498326e-04
2.6400000000e-01,	2.0757080165e-04,	2.5001752595e+00,	4.9998070849e+02,	5.0001929151e+02,	-7.7166053884e-04
2.6410000000e-01,	2.0749366429e-04,	2.5001752802e+00,	4.9998072283e+02,	5.0001927717e+02,	-7.7108673559e-04
2.6420000000e-01,	2.0741658428e-04,	2.5001753010e+00,	4.9998073716e+02,	5.0001926284e+02,	-7.7051357253e-04
2.6430000000e-01,	2.0733956155e-04,	2.5001753217e+00,	4.9998075147e+02,	5.0001924853e+02,	-7.6994104874e-04
2.6440000000e-01,	2.0726259605e-04,	2.5001753424e+00,	4.9998076577e+02,	5.0001923423e+02,	-7.6936916324e-04
2.6450000000e-01,	2.0718568770e-04,	2.5001753631e+00,	4.9998078005e+02,	5.0001921995e+02,	-7.6879791506e-04
2.6460000000e-01,	2.0710883644e-04,	2.5001753839e+00,	4.9998079432e+02,	5.0001920568e+02,	-7.6822730333e-04
2.6470000000e-01,	2.0703204222e-04,	2.5001754046e+00,	4.9998080857e+02,	5.0001919143e+02,	-7.6765732705e-04
2.6480000000e-01,	2.0695530496e-04,	2.5001754253e+00,	4.9998082280e+02,	5.0001917720e+02,	-7.6708798528e-04
2.6490000000e-01,	2.0687862460e-04,	2.5001754460e+00,	4.9998083702e+02,	5.0001916298e+02,	-7.6651927709e-04
2.6500000000e-01,	2.0680200108e-04,	2.5001754666e+00,	4.9998085122e+02,	5.0001914878e+02,	-7.6595120152e-04
2.6510000000e-01,	2.0672543434e-04,	2.5001754873e+00,	4.9998086541e+02,	5.0001913459e+02,	-7.6538375765e-04
2.6520000000e-01,	2.0664892431e-04,	2.5001755080e+00,	4.9998087958e+02,	5.0001912042e+02,	-7.6481694453e-04
2.6530000000e-01,	2.0657247093e-04,	2.5001755286e+00,	4.9998089373e+02,	5.0001910627e+02,	-7.6425076123e-04
2.6540000000e-01,	2.0649607414e-04,	2.5001755493e+00,	4.9998090787e+02,	5.0001909213e+02,	-7.6368520683e-04
2.6550000000e-01,	2.0641973387e-04,	2.5001755699e+00,	4.9998092199e+02,	5.0001907801e+02,	-7.6312028038e-04
2.6560000000e-01,	2.0634345006e-04,	2.5001755906e+00,	4.9998093610e+02,	5.0001906390e+02,	-7.6255598096e-04
2.6570000000e-01,	2.0626722265e-04,	2.5001756112e+00,	4.9998095019e+02,	5.0001904981e+02,	-7.6199230764e-04
2.6580000000e-01,	2.0619105158e-04,	2.5001756318e+00,	4.9998096427e+02,	5.0001903573e+02,	-7.6142925949e-04
2.6590000000e-01,	2.0611493678e-04,	2.5001756525e+00,	4.9998097833e+02,	5.0001902167e+02,	-7.6086683558e-04
2.6600000000e-01,	2.0603887819e-04,	2.5001756731e+00,	4.9998099237e+02,	5.0001900763e+02,	-7.6030503500e-04
2.6610000000e-01,	2.0596287575e-04,	2.5001756937e+00,	4.9998100640e+02,	5.0001899360e+02,	-7.5974385683e-04
2.6620000000e-01,	2.0588692940e-04,	2.5001757143e+00,	4.9998102042e+02,	5.0001897958e+02,	-7.5918330013e-04
2.6630000000e-01,	2.0581103907e-04,	2.5001757348e+00,	4.9998103442e+02,	5.0001896558e+02,	-7.5862336400e-04
2.6640000000e-01,	2.0573520470e-04,	2.5001757554e+00,	4.9998104840e+02,	5.0001895160e+02,	-7.5806404752e-04
2.6650000000e-01,	2.0565942624e-04,	2.5001757760e+00,	4.9998106237e+02,	5.0001893763e+02,	-7.5750534978e-04
2.6660000000e-01,	2.0558370361e-04,	2.5001757965e+00,	4.9998107632e+02,	5.0001892368e+02,	-7.5694726985e-04
2.6670000000e-01,	2.0550803676e-04,	2.5001758171e+00,	4.9998109025e+02,	5.0001890974e+02,	-7.5638980684e-04
2.6680000000e-01,	2.0543242563e-04,	2.5001758377e+00,	4.9998110418e+02,	5.0001889582e+02,	-7.5583295983e-04
2.6690000000e-01,	2.0535687015e-04,	2.5001758582e+00,	4.9998111808e+02,	5.0001888192e+02,	-7.5527672792e-04
2.6700000000e-01,	2.0528137026e-04,	2.5001758787e+00,	4.9998113197e+02,	5.0001886803e+02,	-7.5472111018e-04
2.6710000000e-01,	2.0520592591e-04,	2.5001758992e+00,	4.9998114585e+02,	5.0001885415e+02,	-7.5416610573e-04
2.6720000000e-01,	2.0513053702e-04,	2.5001759198e+00,	4.9998115971e+02,	5.0001884029e+02,	-7.5361171366e-04
2.6730000000e-01,	2.0505520355e-04,	2.5001759403e+00,	4.9998117355e+02,	5.0001882645e+02,	-7.5305793306e-04
2.6740000000e-01,	2.0497992542e-04,	2.5001759608e+00,	4.9998118738e+02,	5.0001881262e+02,	-7.5250476305e-04
2.6750000000e-01,	2.0490470257e-04,	2.5001759813e+00,	4.9998120119e+02,	5.0001879880e+02,	-7.5195220272e-04
2.6760000000e-01,	2.0482953496e-04,	2.5001760018e+00,	4.9998121499e+02,	5.0001878501e+02,	-7.5140025117e-04
2.6770000000e-01,	2.0475442250e-04,	2.5001760222e+00,	4.9998122878e+02,	5.0001877122e+02,	-7.5084890752e-04
2.6780000000e-01,	2.0467936515e-04,	2.5001760427e+00,	4.9998124255e+02,	5.0001875745e+02,	-7.5029817085e-04
2.6790000000e-01,	2.0460436285e-04,	2.5001760632e+00,	4.9998125630e+02,	5.0001874370e+02,	-7.4974804030e-04
2.6800000000e-01,	2.0452941553e-04,	2.5001760836e+00,	4.9998127004e+02,	5.0001872996e+02,	-7.4919851496e-04
2.6810000000e-01,	2.0445452312e-04,	2.5001761041e+00,	4.9998128376e+02,	5.0001871624e+02,	-7.4864959395e-04
2.6820000000e-01,	2.0437968559e-04,	2.5001761245e+00,	4.9998129747e+02,	5.0001870253e+02,	-7.4810127639e-04
2.6830000000e-01,	2.0430490285e-04,	2.5001761450e+00,	4.9998131116e+02,	5.0001868884e+02,	-7.4755356138e-04
2.6840000000e-01,	2.0423017485e-04,	2.5001761654e+00,	4.9998132484e+02,	5.0001867516e+02,	-7.4700644804e-04
2.6850000000e-01,	2.0415550154e-04,	2.5001761858e+00,	4.9998133850e+02,	5.0001866150e+02,	-7.4645993550e-04
2.6860000000e-01,	2.0408088285e-04,	2.5001762062e+00,	4.9998135215e+02,	5.0001864785e+02,	-7.4591402287e-04
2.6870000000e-01,	2.0400631872e-04,	2.5001762266e+00,	4.9998136578e+02,	5.0001863422e+02,	-7.4536870927e-04
2.6880000000e-01,	2.0393180909e-04,	2.5001762470e+00,	4.9998137940e+02,	5.0001862060e+02,	-7.4482399383e-04
2.6890000000e-01,	2.0385735390e-04,	2.5001762674e+00,	4.9998139300e+02,	5.0001860700e+02,	-7.4427987568e-04
2.6900000000e-01,	2.0378295309e-04,	2.5001762878e+00,	4.9998140659e+02,	5.0001859341e+02,	-7.4373635393e-04
2.6910000000e-01,	2.0370860661e-04,	2.5001763082e+00,	4.9998142016e+02,	5.0001857984e+02,	-7.4319342772e-04
2.6920000000e-01,	2.0363431438e-04,	2.5001763285e+00,	4.9998143372e+02,	5.0001856628e+02,	-7.4265109618e-04
2.6930000000e-01,	2.0356007637e-04,	2.5001763489e+00,	4.9998144727e+02,	5.0001855273e+02,	-7.4210935844e-04
2.6940000000e-01,	2.0348589249e-04,	2.5001763692e+00,	4.9998146079e+02,	5.0001853921e+02,	-7.4156821362e-04
2.6950000000e-01,	2.0341176270e-04,	2.5001763896e+00,	4.9998147431e+02,	5.0001852569e+02,	-7.4102766089e-04
2.6960000000e-01,	2.0333768694e-04,	2.5001764099e+00,	4.9998148781e+02,	5.0001851219e+02,	-7.4048769931e-04
2.6970000000e-01,	2.0326366514e-04,	2.5001764302e+00,	4.9998150129e+02,	5.0001849871e+02,	-7.3994832812e-04
2.6980000000e-01,	2.0318969726e-04,	2.5001764506e+00,	4.9998151476e+02,	5.0001848524e+02,	-7.3940954639e-04
2.6990000000e-01,	2.0311578322e-04,	2.5001764709e+00,	4.9998152822e+02,	5.0001847178e+02,	-7.3887135329e-04
2.7000000000e-01,	2.0304192297e-04,	2.5001764912e+00,	4.9998154166e+02,	5.0001845834e+02,	-7.3833374794e-04
2.7010000000e-01,	2.0296811645e-04,	2.5001765115e+00,	4.9998155508e+02,	5.0001844492e+02,	-7.3779672950e-04
2.7020000000e-01,	2.0289436360e-04,	2.5001765318e+00,	4.9998156849e+02,	5.0001843151e+02,	-7.3726029712e-04
2.7030000000e-01,	2.0282066437e-04,	2.5001765521e+00,	4.9998158189e+02,	5.0001841811e+02,	-7.3672444993e-04
2.7040000000e-01,	2.0274701869e-04,	2.5001765724e+00,	4.9998159527e+02,	5.0001840473e+02,	-7.3618918708e-04
2.7050000000e-01,	2.0267342651e-04,	2.5001765926e+00,	4.9998160864e+02,	5.0001839136e+02,	-7.3565450773e-04
2.7060000000e-01,	2.0259988777e-04,	2.5001766129e+00,	4.9998162199e+02,	5.0001837801e+02,	-7.3512041103e-04
2.7070000000e-01,	2.0252640241e-04,	2.5001766331e+00,	4.9998163533e+02,	5.0001836467e+02,	-7.3458689614e-04
2.7080000000e-01,	2.0245297037e-04,	2.5001766534e+00,	4.9998164865e+02,	5.0001835135e+02,	-7.3405396220e-04
2.7090000000e-01,	2.0237959160e-04,	2.5001766736e+00,	4.9998166196e+02,	5.0001833804e+02,	-7.3352160836e-04
2.7100000000e-01,	2.0230626603e-04,	2.5001766939e+00,	4.9998167525e+02,	5.0001832475e+02,	-7.3298983381e-04
2.7110000000e-01,	2.0223299361e-04,	2.5001767141e+00,	4.9998168853e+02,	5.0001831147e+02,	-7.3245863768e-04
2.7120000000e-01,	2.0215977428e-04,	2.5001767343e+00,	4.9998170180e+02,	5.0001829820e+02,	-7.3192801914e-04
2.7130000000e-01,	2.0208660799e-04,	2.5001767545e+00,	4.9998171505e+02,	5.0001828495e+02,	-7.3139797736e-04
2.7140000000e-01,	2.0201349467e-04,	2.5001767747e+00,	4.9998172829e+02,	5.0001827171e+02,	-7.3086851149e-04
2.7150000000e-01,	2.0194043427e-04,	2.5001767949e+00,	4.9998174151e+02,	5.0001825849e+02,	-7.3033962071e-04
2.7160000000e-01,	2.0186742673e-04,	2.5001768151e+00,	4.9998175472e+02,	5.0001824528e+02,	-7.2981130417e-04
2.7170000000e-01,	2.0179447199e-04,	2.5001768353e+00,	4.9998176791e+02,	5.0001823209e+02,	-7.2928356106e-04
2.7180000000e-01,	2.0172156999e-04,	2.5001768555e+00,	4.9998178109e+02,	5.0001821891e+02,	-7.2875639053e-04
2.7190000000e-01,	2.0164872069e-04,	2.5001768756e+00,	4.9998179425e+02,	5.0001820574e+02,	-7.2822979176e-04
2.7200000000e-01,	2.0157592402e-04,	2.5001768958e+00,	4.9998180741e+02,	5.0001819259e+02,	-7.2770376392e-04
2.7210000000e-01,	2.0150317992e-04,	2.5001769160e+00,	4.9998182054e+02,	5.0001817946e+02,	-7.2717830619e-04
2.7220000000e-01,	2.0143048834e-04,	2.5001769361e+00,	4.9998183366e+02,	5.0001816634e+02,	-7.2665341773e-04
2.7230000000e-01,	2.0135784922e-04,	2.5001769562e+00,	4.9998184677e+02,	5.0001815323e+02,	-7.2612909773e-04
2.7240000000e-01,	2.0128526250e-04,	2.5001769764e+00,	4.9998185987e+02,	5.0001814013e+02,	-7.2560534539e-04
2.7250000000e-01,	2.0121272813e-04,	2.5001769965e+00,	4.9998187295e+02,	5.0001812705e+02,	-7.2508215987e-04
2.7260000000e-01,	2.0114024605e-04,	2.5001770166e+00,	4.9998188601e+02,	5.0001811399e+02,	-7.2455954034e-04
2.7270000000e-01,	2.0106781620e-04,	2.5001770367e+00,	4.9998189906e+02,	5.0001810094e+02,	-7.2403748600e-04
2.7280000000e-01,	2.0099543853e-04,	2.5001770568e+00,	4.9998191210e+02,	5.0001808790e+02,	-7.2351599602e-04
2.7290000000e-01,	2.0092311298e-04,	2.5001770769e+00,	4.9998192512e+02,	5.0001807488e+02,	-7.2299506961e-04
2.7300000000e-01,	2.0085083950e-04,	2.5001770970e+00,	4.9998193813e+02,	5.0001806187e+02,	-7.2247470593e-04
2.7310000000e-01,	2.0077861802e-04,	2.5001771171e+00,	4.9998195113e+02,	5.0001804887e+02,	-7.2195490419e-04
2.7320000000e-01,	2.0070644850e-04,	2.5001771372e+00,	4.9998196411e+02,	5.0001803589e+02,	-7.2143566356e-04
2.7330000000e-01,	2.0063433087e-04,	2.5001771572e+00,	4.9998197708e+02,	5.0001802292e+02,	-7.2091698326e-04
2.7340000000e-01,	2.0056226508e-04,	2.5001771773e+00,	4.9998199003e+02,	5.0001800997e+02,	-7.2039886247e-04
2.7350000000e-01,	2.0049025108e-04,	2.5001771974e+00,	4.9998200297e+02,	5.0001799703e+02,	-7.1988130038e-04
2.7360000000e-01,	2.0041828881e-04,	2.5001772174e+00,	4.9998201589e+02,	5.0001798411e+02,	-7.1936429619e-04
2.7370000000e-01,	2.0034637820e-04,	2.5001772374e+00,	4.9998202880e+02,	5.0001797120e+02,	-7.1884784909e-04
2.7380000000e-01,	2.0027451922e-04,	2.5001772575e+00,	4.9998204170e+02,	5.0001795830e+02,	-7.1833195830e-04
2.7390000000e-01,	2.0020271179e-04,	2.5001772775e+00,	4.9998205458e+02,	5.0001794542e+02,	-7.1781662301e-04
2.7400000000e-01,	2.0013095587e-04,	2.5001772975e+00,	4.9998206745e+02,	5.0001793255e+02,	-7.1730184241e-04
2.7410000000e-01,	2.0005925141e-04,	2.5001773175e+00,	4.9998208031e+02,	5.0001791969e+02,	-7.1678761573e-04
2.7420000000e-01,	1.9998759833e-04,	2.5001773375e+00,	4.9998209315e+02,	5.0001790685e+02,	-7.1627394215e-04
2.7430000000e-01,	1.9991599660e-04,	2.5001773575e+00,	4.9998210598e+02,	5.0001789402e+02,	-7.1576082088e-04
2.7440000000e-01,	1.9984444615e-04,	2.5001773775e+00,	4.9998211879e+02,	5.0001788121e+02,	-7.1524825115e-04
2.7450000000e-01,	1.9977294693e-04,	2.5001773975e+00,	4.9998213159e+02,	5.0001786841e+02,	-7.1473623214e-04
2.7460000000e-01,	1.9970149888e-04,	2.5001774175e+00,	4.9998214438e+02,	5.0001785562e+02,	-7.1422476308e-04
2.7470000000e-01,	1.9963010196e-04,	2.5001774374e+00,	4.9998215715e+02,	5.0001784285e+02,	-7.1371384318e-04
2.7480000000e-01,	1.9955875610e-04,	2.5001774574e+00,	4.9998216991e+02,	5.0001783009e+02,	-7.1320347165e-04
2.7490000000e-01,	1.9948746125e-04,	2.5001774773e+00,	4.9998218266e+02,	5.0001781734e+02,	-7.1269364770e-04
2.7500000000e-01,	1.9941621735e-04,	2.5001774973e+00,	4.9998219539e+02,	5.0001780461e+02,	-7.1218437057e-04
2.7510000000e-01,	1.9934502435e-04,	2.5001775172e+00,	4.9998220811e+02,	5.0001779189e+02,	-7.1167563945e-04
2.7520000000e-01,	1.9927388220e-04,	2.5001775372e+00,	4.9998222081e+02,	5.0001777919e+02,	-7.1116745355e-04
2.7530000000e-01,	1.9920279085e-04,	2.5001775571e+00,	4.9998223350e+02,	5.0001776650e+02,	-7.1065981213e-04
2.7540000000e-01,	1.9913175022e-04,	2.5001775770e+00,	4.9998224618e+02,	5.0001775382e+02,	-7.1015271438e-04
2.7550000000e-01,	1.9906076028e-04,	2.5001775969e+00,	4.9998225885e+02,	5.0001774115e+02,	-7.0964615954e-04
2.7560000000e-01,	1.9898982097e-04,	2.5001776168e+00,	4.9998227150e+02,	5.0001772850e+02,	-7.0914014683e-04
2.7570000000e-01,	1.9891893224e-04,	2.5001776367e+00,	4.9998228413e+02,	5.0001771587e+02,	-7.0863467548e-04
2.7580000000e-01,	1.9884809402e-04,	2.5001776566e+00,	4.9998229676e+02,	5.0001770324e+02,	-7.0812974471e-04
2.7590000000e-01,	1.9877730627e-04,	2.5001776765e+00,	4.9998230937e+02,	5.0001769063e+02,	-7.0762535376e-04
2.7600000000e-01,	1.9870656893e-04,	2.5001776963e+00,	4.9998232196e+02,	5.0001767804e+02,	-7.0712150185e-04
2.7610000000e-01,	1.9863588195e-04,	2.5001777162e+00,	4.9998233455e+02,	5.0001766545e+02,	-7.0661818821e-04
2.7620000000e-01,	1.9856524528e-04,	2.5001777361e+00,	4.9998234711e+02,	5.0001765289e+02,	-7.0611541208e-04
2.7630000000e-01,	1.9849465885e-04,	2.5001777559e+00,	4.9998235967e+02,	5.0001764033e+02,	-7.0561317269e-04
2.7640000000e-01,	1.9842412262e-04,	2.5001777758e+00,	4.9998237221e+02,	5.0001762779e+02,	-7.0511146928e-04
2.7650000000e-01,	1.9835363654e-04,	2.5001777956e+00,	4.9998238474e+02,	5.0001761526e+02,	-7.0461030109e-04
2.7660000000e-01,	1.9828320055e-04,	2.5001778154e+00,	4.9998239726e+02,	5.0001760274e+02,	-7.0410966735e-04
2.7670000000e-01,	1.9821281459e-04,	2.5001778353e+00,	4.9998240976e+02,	5.0001759024e+02,	-7.0360956730e-04
2.7680000000e-01,	1.9814247861e-04,	2.5001778551e+00,	4.9998242225e+02,	5.0001757775e+02,	-7.0311000019e-04
2.7690000000e-01,	1.9807219257e-04,	2.5001778749e+00,	4.9998243473e+02,	5.0001756527e+02,	-7.0261096526e-04
2.7700000000e-01,	1.9800195640e-04,	2.5001778947e+00,	4.9998244719e+02,	5.0001755281e+02,	-7.0211246174e-04
2.7710000000e-01,	1.9793177006e-04,	2.5001779145e+00,	4.9998245964e+02,	5.0001754036e+02,	-7.0161448890e-04
2.7720000000e-01,	1.9786163349e-04,	2.5001779343e+00,	4.9998247207e+02,	5.0001752793e+02,	-7.0111704596e-04
2.7730000000e-01,	1.9779154663e-04,	2.5001779541e+00,	4.9998248450e+02,	5.0001751550e+02,	-7.0062013219e-04
2.7740000000e-01,	1.9772150944e-04,	2.5001779738e+00,	4.9998249691e+02,	5.0001750309e+02,	-7.0012374683e-04
2.7750000000e-01,	1.9765152187e-04,	2.5001779936e+00,	4.9998250930e+02,	5.0001749070e+02,	-6.9962788913e-04
2.7760000000e-01,	1.9758158385e-04,	2.5001780134e+00,	4.9998252169e+02,	5.0001747831e+02,	-6.9913255834e-04
2.7770000000e-01,	1.9751169534e-04,	2.5001780331e+00,	4.9998253406e+02,	5.0001746594e+02,	-6.9863775372e-04
2.7780000000e-01,	1.9744185628e-04,	2.5001780529e+00,	4.9998254641e+02,	5.0001745359e+02,	-6.9814347453e-04
2.7790000000e-01,	1.9737206663e-04,	2.5001780726e+00,	4.9998255876e+02,	5.0001744124e+02,	-6.9764972000e-04
2.7800000000e-01,	1.9730232632e-04,	2.5001780924e+00,	4.9998257109e+02,	5.0001742891e+02,	-6.9715648941e-04
2.7810000000e-01,	1.9723263531e-04,	2.5001781121e+00,	4.9998258341e+02,	5.0001741659e+02,	-6.9666378199e-04
2.7820000000e-01,	1.9716299355e-04,	2.5001781318e+00,	4.9998259571e+02,	5.0001740429e+02,	-6.9617159706e-04
2.7830000000e-01,	1.9709340097e-04,	2.5001781515e+00,	4.9998260800e+02,	5.0001739200e+02,	-6.9567993383e-04
2.7840000000e-01,	1.9702385754e-04,	2.5001781712e+00,	4.9998262028e+02,	5.0001737972e+02,	-6.9518879158e-04
2.7850000000e-01,	1.9695436320e-04,	2.5001781909e+00,	4.9998263255e+02,	5.0001736745e+02,	-6.9469816956e-04
2.7860000000e-01,	1.9688491789e-04,	2.5001782106e+00,	4.9998264480e+02,	5.0001735520e+02,	-6.9420806706e-04
2.7870000000e-01,	1.9681552157e-04,	2.5001782303e+00,	4.9998265704e+02,	5.0001734296e+02,	-6.9371848332e-04
2.7880000000e-01,	1.9674617418e-04,	2.5001782500e+00,	4.9998266926e+02,	5.0001733074e+02,	-6.9322941762e-04
2.7890000000e-01,	1.9667687567e-04,	2.5001782696e+00,	4.9998268148e+02,	5.0001731852e+02,	-6.9274086922e-04
2.7900000000e-01,	1.9660762599e-04,	2.5001782893e+00,	4.9998269368e+02,	5.0001730632e+02,	-6.9225283741e-04
2.7910000000e-01,	1.9653842508e-04,	2.5001783090e+00,	4.9998270587e+02,	5.0001729413e+02,	-6.9176532145e-04
2.7920000000e-01,	1.9646927290e-04,	2.5001783286e+00,	4.9998271804e+02,	5.0001728196e+02,	-6.9127832060e-04
2.7930000000e-01,	1.9640016940e-04,	2.5001783483e+00,	4.9998273020e+02,	5.0001726980e+02,	-6.9079183416e-04
2.7940000000e-01,	1.9633111452e-04,	2.5001783679e+00,	4.9998274235e+02,	5.0001725765e+02,	-6.9030586138e-04
2.7950000000e-01,	1.9626210821e-04,	2.5001783875e+00,	4.9998275449e+02,	5.0001724551e+02,	-6.8982040156e-04
2.7960000000e-01,	1.9619315042e-04,	2.5001784071e+00,	4.9998276661e+02,	5.0001723339e+02,	-6.8933545396e-04
2.7970000000e-01,	1.9612424110e-04,	2.5001784268e+00,	4.9998277872e+02,	5.0001722128e+02,	-6.8885101786e-04
2.7980000000e-01,	1.9605538020e-04,	2.5001784464e+00,	4.9998279082e+02,	5.0001720918e+02,	-6.8836709256e-04
2.7990000000e-01,	1.9598656767e-04,	2.5001784660e+00,	4.9998280291e+02,	5.0001719709e+02,	-6.8788367732e-04
2.8000000000e-01,	1.9591780345e-04,	2.5001784856e+00,	4.9998281498e+02,	5.0001718502e+02,	-6.8740077143e-04
2.8010000000e-01,	1.9584908750e-04,	2.5001785052e+00,	4.9998282704e+02,	5.0001717296e+02,	-6.8691837418e-04
2.8020000000e-01,	1.9578041976e-04,	2.5001785247e+00,	4.9998283909e+02,	5.0001716091e+02,	-6.8643648485e-04
2.8030000000e-01,	1.9571180018e-04,	2.5001785443e+00,	4.9998285112e+02,	5.0001714888e+02,	-6.8595510272e-04
2.8040000000e-01,	1.9564322872e-04,	2.5001785639e+00,	4.9998286314e+02,	5.0001713686e+02,	-6.8547422709e-04
2.8050000000e-01,	1.9557470532e-04,	2.5001785834e+00,	4.9998287515e+02,	5.0001712485e+02,	-6.8499385725e-04
2.8060000000e-01,	1.9550622993e-04,	2.5001786030e+00,	4.9998288715e+02,	5.0001711285e+02,	-6.8451399248e-04
2.8070000000e-01,	1.9543780250e-04,	2.5001786225e+00,	4.9998289913e+02,	5.0001710087e+02,	-6.8403463208e-04
2.8080000000e-01,	1.9536942299e-04,	2.5001786421e+00,	4.9998291111e+02,	5.0001708889e+02,	-6.8355577534e-04
2.8090000000e-01,	1.9530109133e-04,	2.5001786616e+00,	4.9998292306e+02,	5.0001707694e+02,	-6.8307742155e-04
2.8100000000e-01,	1.9523280749e-04,	2.5001786811e+00,	4.9998293501e+02,	5.0001706499e+02,	-6.8259957001e-04
2.8110000000e-01,	1.9516457140e-04,	2.5001787007e+00,	4.9998294694e+02,	5.0001705306e+02,	-6.8212222001e-04
2.8120000000e-01,	1.9509638303e-04,	2.5001787202e+00,	4.9998295887e+02,	5.0001704113e+02,	-6.8164537089e-04
2.8130000000e-01,	1.9502824231e-04,	2.5001787397e+00,	4.9998297077e+02,	5.0001702923e+02,	-6.8116902185e-04
2.8140000000e-01,	1.9496014921e-04,	2.5001787592e+00,	4.9998298267e+02,	5.0001701733e+02,	-6.8069317230e-04
2.8150000000e-01,	1.9489210366e-04,	2.5001787787e+00,	4.9998299455e+02,	5.0001700545e+02,	-6.8021782149e-04
2.8160000000e-01,	1.9482410562e-04,	2.5001787982e+00,	4.9998300643e+02,	5.0001699357e+02,	-6.7974296872e-04
2.8170000000e-01,	1.9475615505e-04,	2.5001788176e+00,	4.9998301828e+02,	5.0001698172e+02,	-6.7926861331e-04
2.8180000000e-01,	1.9468825189e-04,	2.5001788371e+00,	4.9998303013e+02,	5.0001696987e+02,	-6.7879475455e-04
2.8190000000e-01,	1.9462039608e-04,	2.5001788566e+00,	4.9998304196e+02,	5.0001695803e+02,	-6.7832139176e-04
2.8200000000e-01,	1.9455258759e-04,	2.5001788760e+00,	4.9998305379e+02,	5.0001694621e+02,	-6.7784852424e-04
2.8210000000e-01,	1.9448482636e-04,	2.5001788955e+00,	4.9998306560e+02,	5.0001693440e+02,	-6.7737615130e-04
2.8220000000e-01,	1.9441711234e-04,	2.5001789149e+00,	4.9998307739e+02,	5.0001692261e+02,	-6.7690427226e-04
2.8230000000e-01,	1.9434944549e-04,	2.5001789344e+00,	4.9998308918e+02,	5.0001691082e+02,	-6.7643288641e-04
2.8240000000e-01,	1.9428182575e-04,	2.5001789538e+00,	4.9998310095e+02,	5.0001689905e+02,	-6.7596199308e-04
2.8250000000e-01,	1.9421425308e-04,	2.5001789732e+00,	4.9998311271e+02,	5.0001688729e+02,	-6.7549159158e-04
2.8260000000e-01,	1.9414672742e-04,	2.5001789926e+00,	4.9998312446e+02,	5.0001687554e+02,	-6.7502168122e-04
2.8270000000e-01,	1.9407924872e-04,	2.5001790121e+00,	4.9998313619e+02,	5.0001686381e+02,	-6.7455226132e-04
2.8280000000e-01,	1.9401181695e-04,	2.5001790315e+00,	4.9998314792e+02,	5.0001685208e+02,	-6.7408333120e-04
2.8290000000e-01,	1.9394443204e-04,	2.5001790509e+00,	4.9998315963e+02,	5.0001684037e+02,	-6.7361489016e-04
2.8300000000e-01,	1.9387709395e-04,	2.5001790703e+00,	4.9998317133e+02,	5.0001682867e+02,	-6.7314693755e-04
2.8310000000e-01,	1.9380980264e-04,	2.5001790896e+00,	4.9998318301e+02,	5.0001681699e+02,	-6.7267947268e-04
2.8320000000e-01,	1.9374255804e-04,	2.5001791090e+00,	4.9998319469e+02,	5.0001680531e+02,	-6.7221249486e-04
2.8330000000e-01,	1.9367536012e-04,	2.5001791284e+00,	4.9998320635e+02,	5.0001679365e+02,	-6.7174600342e-04
2.8340000000e-01,	1.9360820883e-04,	2.5001791477e+00,	4.9998321800e+02,	5.0001678200e+02,	-6.7127999769e-04
2.8350000000e-01,	1.9354110411e-04,	2.5001791671e+00,	4.9998322964e+02,	5.0001677036e+02,	-6.7081447699e-04
2.8360000000e-01,	1.9347404591e-04,	2.5001791865e+00,	4.9998324126e+02,	5.0001675874e+02,	-6.7034944065e-04
2.8370000000e-01,	1.9340703420e-04,	2.5001792058e+00,	4.9998325288e+02,	5.0001674712e+02,	-6.6988488799e-04
2.8380000000e-01,	1.9334006892e-04,	2.5001792251e+00,	4.9998326448e+02,	5.0001673552e+02,	-6.6942081835e-04
2.8390000000e-01,	1.9327315002e-04,	2.5001792445e+00,	4.9998327607e+02,	5.0001672393e+02,	-6.6895723105e-04
2.8400000000e-01,	1.9320627746e-04,	2.5001792638e+00,	4.9998328765e+02,	5.0001671235e+02,	-6.6849412543e-04
2.8410000000e-01,	1.9313945118e-04,	2.5001792831e+00,	4.9998329921e+02,	5.0001670079e+02,	-6.6803150082e-04
2.8420000000e-01,	1.9307267114e-04,	2.5001793024e+00,	4.9998331077e+02,	5.0001668923e+02,	-6.6756935655e-04
2.8430000000e-01,	1.9300593729e-04,	2.5001793217e+00,	4.9998332231e+02,	5.0001667769e+02,	-6.6710769196e-04
2.8440000000e-01,	1.9293924959e-04,	2.5001793410e+00,	4.9998333384e+02,	5.0001666616e+02,	-6.6664650638e-04
2.8450000000e-01,	1.9287260798e-04,	2.5001793603e+00,	4.9998334535e+02,	5.0001665464e+02,	-6.6618579915e-04
2.8460000000e-01,	1.9280601241e-04,	2.5001793796e+00,	4.9998335686e+02,	5.0001664314e+02,	-6.6572556960e-04
2.8470000000e-01,	1.9273946285e-04,	2.5001793989e+00,	4.9998336835e+02,	5.0001663165e+02,	-6.6526581710e-04
2.8480000000e-01,	1.9267295923e-04,	2.5001794181e+00,	4.9998337984e+02,	5.0001662016e+02,	-6.6480654095e-04
2.8490000000e-01,	1.9260650152e-04,	2.5001794374e+00,	4.9998339131e+02,	5.0001660869e+02,	-6.6434774052e-04
2.8500000000e-01,	1.9254008967e-04,	2.5001794567e+00,	4.9998340276e+02,	5.0001659724e+02,	-6.6388941515e-04
2.8510000000e-01,	1.9247372362e-04,	2.5001794759e+00,	4.9998341421e+02,	5.0001658579e+02,	-6.6343156417e-04
2.8520000000e-01,	1.9240740334e-04,	2.5001794952e+00,	4.9998342565e+02,	5.0001657435e+02,	-6.6297418693e-04
2.8530000000e-01,	1.9234112877e-04,	2.5001795144e+00,	4.9998343707e+02,	5.0001656293e+02,	-6.6251728278e-04
2.8540000000e-01,	1.9227489987e-04,	2.5001795336e+00,	4.9998344848e+02,	5.0001655152e+02,	-6.6206085107e-04
2.8550000000e-01,	1.9220871658e-04,	2.5001795529e+00,	4.9998345988e+02,	5.0001654012e+02,	-6.6160489114e-04
2.8560000000e-01,	1.9214257887e-04,	2.5001795721e+00,	4.9998347126e+02,	5.0001652873e+02,	-6.6114940235e-04
2.8570000000e-01,	1.9207648669e-04,	2.5001795913e+00,	4.9998348264e+02,	5.0001651736e+02,	-6.6069438405e-04
2.8580000000e-01,	1.9201043998e-04,	2.5001796105e+00,	4.9998349400e+02,	5.0001650600e+02,	-6.6023983558e-04
2.8590000000e-01,	1.9194443871e-04,	2.5001796297e+00,	4.9998350536e+02,	5.0001649464e+02,	-6.5978575630e-04
2.8600000000e-01,	1.9187848281e-04,	2.5001796489e+00,	4.9998351670e+02,	5.0001648330e+02,	-6.5933214557e-04
2.8610000000e-01,	1.9181257226e-04,	2.5001796681e+00,	4.9998352802e+02,	5.0001647197e+02,	-6.5887900273e-04
2.8620000000e-01,	1.9174670700e-04,	2.5001796872e+00,	4.9998353934e+02,	5.0001646066e+02,	-6.5842632715e-04
2.8630000000e-01,	1.9168088698e-04,	2.5001797064e+00,	4.9998355065e+02,	5.0001644935e+02,	-6.5797411818e-04
2.8640000000e-01,	1.9161511216e-04,	2.5001797256e+00,	4.9998356194e+02,	5.0001643806e+02,	-6.5752237519e-04
2.8650000000e-01,	1.9154938249e-04,	2.5001797447e+00,	4.9998357322e+02,	5.0001642678e+02,	-6.5707109753e-04
2.8660000000e-01,	1.9148369792e-04,	2.5001797639e+00,	4.9998358449e+02,	5.0001641551e+02,	-6.5662028456e-04
2.8670000000e-01,	1.9141805842e-04,	2.5001797830e+00,	4.9998359575e+02,	5.0001640425e+02,	-6.5616993565e-04
2.8680000000e-01,	1.9135246392e-04,	2.5001798022e+00,	4.9998360700e+02,	5.0001639300e+02,	-6.5572005015e-04
2.8690000000e-01,	1.9128691439e-04,	2.5001798213e+00,	4.9998361823e+02,	5.0001638177e+02,	-6.5527062743e-04
2.8700000000e-01,	1.9122140978e-04,	2.5001798404e+00,	4.9998362946e+02,	5.0001637054e+02,	-6.5482166686e-04
2.8710000000e-01,	1.9115595004e-04,	2.5001798595e+00,	4.9998364067e+02,	5.0001635933e+02,	-6.5437316780e-04
2.8720000000e-01,	1.9109053513e-04,	2.5001798787e+00,	4.9998365187e+02,	5.0001634813e+02,	-6.5392512962e-04
2.8730000000e-01,	1.9102516500e-04,	2.5001798978e+00,	4.9998366306e+02,	5.0001633694e+02,	-6.5347755169e-04
2.8740000000e-01,	1.9095983961e-04,	2.5001799169e+00,	4.9998367424e+02,	5.0001632576e+02,	-6.5303043338e-04
2.8750000000e-01,	1.9089455890e-04,	2.5001799360e+00,	4.9998368541e+02,	5.0001631459e+02,	-6.5258377405e-04
2.8760000000e-01,	1.9082932284e-04,	2.5001799550e+00,	4.9998369656e+02,	5.0001630344e+02,	-6.5213757309e-04
2.8770000000e-01,	1.9076413137e-04,	2.5001799741e+00,	4.9998370770e+02,	5.0001629230e+02,	-6.5169182986e-04
2.8780000000e-01,	1.9069898445e-04,	2.5001799932e+00,	4.9998371884e+02,	5.0001628116e+02,	-6.5124654373e-04
2.8790000000e-01,	1.9063388205e-04,	2.5001800123e+00,	4.9998372996e+02,	5.0001627004e+02,	-6.5080171409e-04
2.8800000000e-01,	1.9056882410e-04,	2.5001800313e+00,	4.9998374107e+02,	5.0001625893e+02,	-6.5035734031e-04
2.8810000000e-01,	1.9050381056e-04,	2.5001800504e+00,	4.9998375216e+02,	5.0001624784e+02,	-6.4991342178e-04
2.8820000000e-01,	1.9043884140e-04,	2.5001800694e+00,	4.9998376325e+02,	5.0001623675e+02,	-6.4946995780e-04
2.8830000000e-01,	1.9037391656e-04,	2.5001800885e+00,	4.9998377433e+02,	5.0001622567e+02,	-6.4902694785e-04
2.8840000000e-01,	1.9030903599e-04,	2.5001801075e+00,	4.9998378539e+02,	5.0001621461e+02,	-6.4858439128e-04
2.8850000000e-01,	1.9024419966e-04,	2.5001801265e+00,	4.9998379644e+02,	5.0001620356e+02,	-6.4814228745e-04
2.8860000000e-01,	1.9017940752e-04,	2.5001801455e+00,	4.9998380748e+02,	5.0001619252e+02,	-6.4770063576e-04
2.8870000000e-01,	1.9011465952e-04,	2.5001801646e+00,	4.9998381851e+02,	5.0001618149e+02,	-6.4725943559e-04
2.8880000000e-01,	1.9004995562e-04,	2.5001801836e+00,	4.9998382953e+02,	5.0001617047e+02,	-6.4681868632e-04
2.8890000000e-01,	1.8998529577e-04,	2.5001802026e+00,	4.9998384054e+02,	5.0001615946e+02,	-6.4637838734e-04
2.8900000000e-01,	1.8992067992e-04,	2.5001802216e+00,	4.9998385154e+02,	5.0001614846e+02,	-6.4593853803e-04
2.8910000000e-01,	1.8985610804e-04,	2.5001802406e+00,	4.9998386252e+02,	5.0001613748e+02,	-6.4549913779e-04
2.8920000000e-01,	1.8979158008e-04,	2.5001802595e+00,	4.9998387350e+02,	5.0001612650e+02,	-6.4506018599e-04
2.8930000000e-01,	1.8972709599e-04,	2.5001802785e+00,	4.9998388446e+02,	5.0001611554e+02,	-6.4462168204e-04
2.8940000000e-01,	1.8966265573e-04,	2.5001802975e+00,	4.9998389541e+02,	5.0001610459e+02,	-6.4418362532e-04
2.8950000000e-01,	1.8959825925e-04,	2.5001803164e+00,	4.9998390635e+02,	5.0001609365e+02,	-6.4374601522e-04
2.8960000000e-01,	1.8953390651e-04,	2.5001803354e+00,	4.9998391728e+02,	5.0001608272e+02,	-6.4330885114e-04
2.8970000000e-01,	1.8946959747e-04,	2.5001803543e+00,	4.9998392820e+02,	5.0001607180e+02,	-6.4287213246e-04
2.8980000000e-01,	1.8940533207e-04,	2.5001803733e+00,	4.9998393910e+02,	5.0001606090e+02,	-6.4243585859e-04
2.8990000000e-01,	1.8934111028e-04,	2.5001803922e+00,	4.9998395000e+02,	5.0001605000e+02,	-6.4200002892e-04
2.9000000000e-01,	1.8927693205e-04,	2.5001804112e+00,	4.9998396088e+02,	5.0001603912e+02,	-6.4156464284e-04
2.9010000000e-01,	1.8921279734e-04,	2.5001804301e+00,	4.9998397176e+02,	5.0001602824e+02,	-6.4112969976e-04
2.9020000000e-01,	1.8914870610e-04,	2.5001804490e+00,	4.9998398262e+02,	5.0001601738e+02,	-6.4069519907e-04
2.9030000000e-01,	1.8908465828e-04,	2.5001804679e+00,	4.9998399347e+02,	5.0001600653e+02,	-6.4026114018e-04
2.9040000000e-01,	1.8902065385e-04,	2.5001804868e+00,	4.9998400431e+02,	5.0001599569e+02,	-6.3982752248e-04
2.9050000000e-01,	1.8895669276e-04,	2.5001805057e+00,	4.9998401514e+02,	5.0001598486e+02,	-6.3939434538e-04
2.9060000000e-01,	1.8889277497e-04,	2.5001805246e+00,	4.9998402596e+02,	5.0001597404e+02,	-6.3896160827e-04
2.9070000000e-01,	1.8882890043e-04,	2.5001805435e+00,	4.9998403677e+02,	5.0001596323e+02,	-6.3852931057e-04
2.9080000000e-01,	1.8876506909e-04,	2.5001805624e+00,	4.9998404756e+02,	5.0001595244e+02,	-6.3809745168e-04
2.9090000000e-01,	1.8870128092e-04,	2.5001805813e+00,	4.9998405835e+02,	5.0001594165e+02,	-6.3766603100e-04
2.9100000000e-01,	1.8863753587e-04,	2.5001806001e+00,	4.9998406912e+02,	5.0001593088e+02,	-6.3723504794e-04
2.9110000000e-01,	1.8857383390e-04,	2.5001806190e+00,	4.9998407989e+02,	5.0001592011e+02,	-6.3680450191e-04
2.9120000000e-01,	1.8851017496e-04,	2.5001806378e+00,	4.9998409064e+02,	5.0001590936e+02,	-6.3637439232e-04
2.9130000000e-01,	1.8844655901e-04,	2.5001806567e+00,	4.9998410138e+02,	5.0001589862e+02,	-6.3594471858e-04
2.9140000000e-01,	1.8838298600e-04,	2.5001806755e+00,	4.9998411211e+02,	5.0001588789e+02,	-6.3551548010e-04
2.9150000000e-01,	1.8831945590e-04,	2.5001806944e+00,	4.9998412283e+02,	5.0001587717e+02,	-6.3508667629e-04
2.9160000000e-01,	1.8825596865e-04,	2.5001807132e+00,	4.9998413354e+02,	5.0001586646e+02,	-6.3465830656e-04
2.9170000000e-01,	1.8819252422e-04,	2.5001807320e+00,	4.9998414424e+02,	5.0001585576e+02,	-6.3423037033e-04
2.9180000000e-01,	1.8812912256e-04,	2.5001807508e+00,	4.9998415493e+02,	5.0001584507e+02,	-6.3380286702e-04
2.9190000000e-01,	1.8806576363e-04,	2.5001807696e+00,	4.9998416560e+02,	5.0001583439e+02,	-6.3337579599e-04
2.9200000000e-01,	1.8800244739e-04,	2.5001807884e+00,	4.9998417627e+02,	5.0001582373e+02,	-6.3294915676e-04
2.9210000000e-01,	1.8793917379e-04,	2.5001808072e+00,	4.9998418693e+02,	5.0001581307e+02,	-6.3252294869e-04
2.9220000000e-01,	1.8787594278e-04,	2.5001808260e+00,	4.9998419757e+02,	5.0001580243e+02,	-6.3209717120e-04
2.9230000000e-01,	1.8781275434e-04,	2.5001808448e+00,	4.9998420820e+02,	5.0001579180e+02,	-6.3167182370e-04
2.9240000000e-01,	1.8774960840e-04,	2.5001808636e+00,	4.9998421883e+02,	5.0001578117e+02,	-6.3124690564e-04
2.9250000000e-01,	1.8768650494e-04,	2.5001808824e+00,	4.9998422944e+02,	5.0001577056e+02,	-6.3082241641e-04
2.9260000000e-01,	1.8762344391e-04,	2.5001809011e+00,	4.9998424004e+02,	5.0001575996e+02,	-6.3039835545e-04
2.9270000000e-01,	1.8756042526e-04,	2.5001809199e+00,	4.9998425063e+02,	5.0001574937e+02,	-6.2997472219e-04
2.9280000000e-01,	1.8749744895e-04,	2.5001809386e+00,	4.9998426121e+02,	5.0001573879e+02,	-6.2955151604e-04
2.9290000000e-01,	1.8743451494e-04,	2.5001809574e+00,	4.9998427178e+02,	5.0001572822e+02,	-6.2912873643e-04
2.9300000000e-01,	1.8737162319e-04,	2.5001809761e+00,	4.9998428234e+02,	5.0001571766e+02,	-6.2870638279e-04
2.9310000000e-01,	1.8730877365e-04,	2.5001809949e+00,	4.9998429289e+02,	5.0001570711e+02,	-6.2828445455e-04
2.9320000000e-01,	1.8724596628e-04,	2.5001810136e+00,	4.9998430343e+02,	5.0001569657e+02,	-6.2786295113e-04
2.9330000000e-01,	1.8718320104e-04,	2.5001810323e+00,	4.9998431395e+02,	5.0001568605e+02,	-6.2744187197e-04
2.9340000000e-01,	1.8712047789e-04,	2.5001810510e+00,	4.9998432447e+02,	5.0001567553e+02,	-6.2702121649e-04
2.9350000000e-01,	1.8705779679e-04,	2.5001810697e+00,	4.9998433498e+02,	5.0001566502e+02,	-6.2660098414e-04
2.9360000000e-01,	1.8699515768e-04,	2.5001810884e+00,	4.9998434547e+02,	5.0001565453e+02,	-6.2618117432e-04
2.9370000000e-01,	1.8693256054e-04,	2.5001811071e+00,	4.9998435596e+02,	5.0001564404e+02,	-6.2576178650e-04
2.9380000000e-01,	1.8687000531e-04,	2.5001811258e+00,	4.9998436643e+02,	5.0001563357e+02,	-6.2534282009e-04
2.9390000000e-01,	1.8680749196e-04,	2.5001811445e+00,	4.9998437689e+02,	5.0001562311e+02,	-6.2492427452e-04
2.9400000000e-01,	1.8674502044e-04,	2.5001811632e+00,	4.9998438735e+02,	5.0001561265e+02,	-6.2450614925e-04
2.9410000000e-01,	1.8668259072e-04,	2.5001811819e+00,	4.9998439779e+02,	5.0001560221e+02,	-6.2408844371e-04
2.9420000000e-01,	1.8662020274e-04,	2.5001812005e+00,	4.9998440822e+02,	5.0001559178e+02,	-6.2367115732e-04
2.9430000000e-01,	1.8655785647e-04,	2.5001812192e+00,	4.9998441864e+02,	5.0001558136e+02,	-6.2325428955e-04
2.9440000000e-01,	1.8649555187e-04,	2.5001812378e+00,	4.9998442905e+02,	5.0001557095e+02,	-6.2283783981e-04
2.9450000000e-01,	1.8643328889e-04,	2.5001812565e+00,	4.9998443945e+02,	5.0001556054e+02,	-6.2242180756e-04
2.9460000000e-01,	1.8637106749e-04,	2.5001812751e+00,	4.9998444984e+02,	5.0001555015e+02,	-6.2200619223e-04
2.9470000000e-01,	1.8630888764e-04,	2.5001812938e+00,	4.9998446022e+02,	5.0001553977e+02,	-6.2159099327e-04
2.9480000000e-01,	1.8624674928e-04,	2.5001813124e+00,	4.9998447059e+02,	5.0001552941e+02,	-6.2117621012e-04
2.9490000000e-01,	1.8618465238e-04,	2.5001813310e+00,	4.9998448095e+02,	5.0001551905e+02,	-6.2076184223e-04
2.9500000000e-01,	1.8612259690e-04,	2.5001813496e+00,	4.9998449130e+02,	5.0001550870e+02,	-6.2034788904e-04
2.9510000000e-01,	1.8606058279e-04,	2.5001813682e+00,	4.9998450164e+02,	5.0001549836e+02,	-6.1993435000e-04
2.9520000000e-01,	1.8599861001e-04,	2.5001813868e+00,	4.9998451197e+02,	5.0001548803e+02,	-6.1952122456e-04
2.9530000000e-01,	1.8593667853e-04,	2.5001814054e+00,	4.9998452229e+02,	5.0001547771e+02,	-6.1910851215e-04
2.9540000000e-01,	1.8587478830e-04,	2.5001814240e+00,	4.9998453259e+02,	5.0001546741e+02,	-6.1869621225e-04
2.9550000000e-01,	1.8581293927e-04,	2.5001814426e+00,	4.9998454289e+02,	5.0001545711e+02,	-6.1828432429e-04
2.9560000000e-01,	1.8575113142e-04,	2.5001814612e+00,	4.9998455318e+02,	5.0001544682e+02,	-6.1787284772e-04
2.9570000000e-01,	1.8568936469e-04,	2.5001814797e+00,	4.9998456346e+02,	5.0001543654e+02,	-6.1746178200e-04
2.9580000000e-01,	1.8562763905e-04,	2.5001814983e+00,	4.9998457372e+02,	5.0001542628e+02,	-6.1705112659e-04
2.9590000000e-01,	1.8556595445e-04,	2.5001815169e+00,	4.9998458398e+02,	5.0001541602e+02,	-6.1664088095e-04
2.9600000000e-01,	1.8550431086e-04,	2.5001815354e+00,	4.9998459422e+02,	5.0001540578e+02,	-6.1623104444e-04
2.9610000000e-01,	1.8544270823e-04,	2.5001815540e+00,	4.9998460446e+02,	5.0001539554e+02,	-6.1582161666e-04
2.9620000000e-01,	1.8538114652e-04,	2.5001815725e+00,	4.9998461468e+02,	5.0001538531e+02,	-6.1541259698e-04
2.9630000000e-01,	1.8531962570e-04,	2.5001815911e+00,	4.9998462490e+02,	5.0001537510e+02,	-6.1500398489e-04
2.9640000000e-01,	1.8525814571e-04,	2.5001816096e+00,	4.9998463511e+02,	5.0001536489e+02,	-6.1459577983e-04
2.9650000000e-01,	1.8519670653e-04,	2.5001816281e+00,	4.9998464530e+02,	5.0001535470e+02,	-6.1418798127e-04
2.9660000000e-01,	1.8513530810e-04,	2.5001816466e+00,	4.9998465549e+02,	5.0001534451e+02,	-6.1378058867e-04
2.9670000000e-01,	1.8507395040e-04,	2.5001816651e+00,	4.9998466566e+02,	5.0001533434e+02,	-6.1337360148e-04
2.9680000000e-01,	1.8501263337e-04,	2.5001816836e+00,	4.9998467582e+02,	5.0001532418e+02,	-6.1296701917e-04
2.9690000000e-01,	1.8495135698e-04,	2.5001817021e+00,	4.9998468598e+02,	5.0001531402e+02,	-6.1256084120e-04
2.9700000000e-01,	1.8489012119e-04,	2.5001817206e+00,	4.9998469612e+02,	5.0001530388e+02,	-6.1215506704e-04
2.9710000000e-01,	1.8482892595e-04,	2.5001817391e+00,	4.9998470626e+02,	5.0001529374e+02,	-6.1174969615e-04
2.9720000000e-01,	1.8476777123e-04,	2.5001817576e+00,	4.9998471638e+02,	5.0001528362e+02,	-6.1134472799e-04
2.9730000000e-01,	1.8470665699e-04,	2.5001817761e+00,	4.9998472650e+02,	5.0001527350e+02,	-6.1094016204e-04
2.9740000000e-01,	1.8464558319e-04,	2.5001817945e+00,	4.9998473660e+02,	5.0001526340e+02,	-6.1053599775e-04
2.9750000000e-01,	1.8458454978e-04,	2.5001818130e+00,	4.9998474669e+02,	5.0001525331e+02,	-6.1013223461e-04
2.9760000000e-01,	1.8452355673e-04,	2.5001818314e+00,	4.9998475678e+02,	5.0001524322e+02,	-6.0972887207e-04
2.9770000000e-01,	1.8446260399e-04,	2.5001818499e+00,	4.9998476685e+02,	5.0001523315e+02,	-6.0932590960e-04
2.9780000000e-01,	1.8440169153e-04,	2.5001818683e+00,	4.9998477692e+02,	5.0001522308e+02,	-6.0892334669e-04
2.9790000000e-01,	1.8434081931e-04,	2.5001818868e+00,	4.9998478697e+02,	5.0001521303e+02,	-6.0852118279e-04
2.9800000000e-01,	1.8427998728e-04,	2.5001819052e+00,	4.9998479701e+02,	5.0001520299e+02,	-6.0811941739e-04
2.9810000000e-01,	1.8421919541e-04,	2.5001819236e+00,	4.9998480705e+02,	5.0001519295e+02,	-6.0771804995e-04
2.9820000000e-01,	1.8415844366e-04,	2.5001819421e+00,	4.9998481707e+02,	5.0001518293e+02,	-6.0731707994e-04
2.9830000000e-01,	1.8409773198e-04,	2.5001819605e+00,	4.9998482709e+02,	5.0001517291e+02,	-6.0691650686e-04
2.9840000000e-01,	1.8403706034e-04,	2.5001819789e+00,	4.9998483709e+02,	5.0001516291e+02,	-6.0651633017e-04
2.9850000000e-01,	1.8397642870e-04,	2.5001819973e+00,	4.9998484709e+02,	5.0001515291e+02,	-6.0611654933e-04
2.9860000000e-01,	1.8391583702e-04,	2.5001820157e+00,	4.9998485707e+02,	5.0001514293e+02,	-6.0571716386e-04
2.9870000000e-01,	1.8385528526e-04,	2.5001820341e+00,	4.9998486705e+02,	5.0001513295e+02,	-6.0531817320e-04
2.9880000000e-01,	1.8379477337e-04,	2.5001820524e+00,	4.9998487701e+02,	5.0001512299e+02,	-6.0491957684e-04
2.9890000000e-01,	1.8373430133e-04,	2.5001820708e+00,	4.9998488697e+02,	5.0001511303e+02,	-6.0452137427e-04
2.9900000000e-01,	1.8367386909e-04,	2.5001820892e+00,	4.9998489691e+02,	5.0001510309e+02,	-6.0412356497e-04
2.9910000000e-01,	1.8361347660e-04,	2.5001821076e+00,	4.9998490685e+02,	5.0001509315e+02,	-6.0372614841e-04
2.9920000000e-01,	1.8355312384e-04,	2.5001821259e+00,	4.9998491677e+02,	5.0001508323e+02,	-6.0332912408e-04
2.9930000000e-01,	1.8349281077e-04,	2.5001821443e+00,	4.9998492669e+02,	5.0001507331e+02,	-6.0293249146e-04
2.9940000000e-01,	1.8343253733e-04,	2.5001821626e+00,	4.9998493659e+02,	5.0001506341e+02,	-6.0253625004e-04
2.9950000000e-01,	1.8337230350e-04,	2.5001821809e+00,	4.9998494649e+02,	5.0001505351e+02,	-6.0214039931e-04
2.9960000000e-01,	1.8331210924e-04,	2.5001821993e+00,	4.9998495638e+02,	5.0001504362e+02,	-6.0174493874e-04
2.9970000000e-01,	1.8325195450e-04,	2.5001822176e+00,	4.9998496625e+02,	5.0001503375e+02,	-6.0134986784e-04
2.9980000000e-01,	1.8319183925e-04,	2.5001822359e+00,	4.9998497612e+02,	5.0001502388e+02,	-6.0095518607e-04
2.9990000000e-01,	1.8313176345e-04,	2.5001822542e+00,	4.9998498598e+02,	5.0001501402e+02,	-6.0056089295e-04
3.0000000000e-01,	1.8307172706e-04,	2.5001822726e+00,	4.9998499583e+02,	5.0001500417e+02,	-6.0016698795e-04
3.0010000000e-01,	1.8301173004e-04,	2.5001822909e+00,	4.9998500566e+02,	5.0001499434e+02,	-5.9977347056e-04
3.0020000000e-01,	1.8295177235e-04,	2.5001823092e+00,	4.9998501549e+02,	5.0001498451e+02,	-5.9938034030e-04
3.0030000000e-01,	1.8289185396e-04,	2.5001823275e+00,	4.9998502531e+02,	5.0001497469e+02,	-5.9898759657e-04
3.0040000000e-01,	1.8283197482e-04,	2.5001823457e+00,	4.9998503512e+02,	5.0001496488e+02,	-5.9859523898e-04
3.0050000000e-01,	1.8277213490e-04,	2.5001823640e+00,	4.9998504492e+02,	5.0001495508e+02,	-5.9820326697e-04
3.0060000000e-01,	1.8271233416e-04,	2.5001823823e+00,	4.9998505471e+02,	5.0001494529e+02,	-5.9781168004e-04
3.0070000000e-01,	1.8265257255e-04,	2.5001824006e+00,	4.9998506449e+02,	5.0001493551e+02,	-5.9742047768e-04
3.0080000000e-01,	1.8259285005e-04,	2.5001824188e+00,	4.9998507426e+02,	5.0001492574e+02,	-5.9702965939e-04
3.0090000000e-01,	1.8253316661e-04,	2.5001824371e+00,	4.9998508402e+02,	5.0001491598e+02,	-5.9663922468e-04
3.0100000000e-01,	1.8247352219e-04,	2.5001824553e+00,	4.9998509377e+02,	5.0001490623e+02,	-5.9624917302e-04
3.0110000000e-01,	1.8241391676e-04,	2.5001824736e+00,	4.9998510351e+02,	5.0001489649e+02,	-5.9585950394e-04
3.0120000000e-01,	1.8235435028e-04,	2.5001824918e+00,	4.9998511324e+02,	5.0001488676e+02,	-5.9547021691e-04
3.0130000000e-01,	1.8229482270e-04,	2.5001825100e+00,	4.9998512297e+02,	5.0001487703e+02,	-5.9508131145e-04
3.0140000000e-01,	1.8223533400e-04,	2.5001825283e+00,	4.9998513268e+02,	5.0001486732e+02,	-5.9469278706e-04
3.0150000000e-01,	1.8217588413e-04,	2.5001825465e+00,	4.9998514238e+02,	5.0001485762e+02,	-5.9430464323e-04
3.0160000000e-01,	1.8211647306e-04,	2.5001825647e+00,	4.9998515208e+02,	5.0001484792e+02,	-5.9391687948e-04
3.0170000000e-01,	1.8205710074e-04,	2.5001825829e+00,	4.9998516176e+02,	5.0001483824e+02,	-5.9352949530e-04
3.0180000000e-01,	1.8199776715e-04,	2.5001826011e+00,	4.9998517144e+02,	5.0001482856e+02,	-5.9314249020e-04
3.0190000000e-01,	1.8193847223e-04,	2.5001826193e+00,	4.9998518110e+02,	5.0001481890e+02,	-5.9275586368e-04
3.0200000000e-01,	1.8187921596e-04,	2.5001826375e+00,	4.9998519076e+02,	5.0001480924e+02,	-5.9236961526e-04
3.0210000000e-01,	1.8181999830e-04,	2.5001826557e+00,	4.9998520041e+02,	5.0001479959e+02,	-5.9198374444e-04
3.0220000000e-01,	1.8176081920e-04,	2.5001826739e+00,	4.9998521004e+02,	5.0001478996e+02,	-5.9159825071e-04
3.0230000000e-01,	1.8170167863e-04,	2.5001826920e+00,	4.9998521967e+02,	5.0001478033e+02,	-5.9121313360e-04
3.0240000000e-01,	1.8164257656e-04,	2.5001827102e+00,	4.9998522929e+02,	5.0001477071e+02,	-5.9082839262e-04
3.0250000000e-01,	1.8158351294e-04,	2.5001827284e+00,	4.9998523890e+02,	5.0001476110e+02,	-5.9044402727e-04
3.0260000000e-01,	1.8152448774e-04,	2.5001827465e+00,	4.9998524850e+02,	5.0001475150e+02,	-5.9006003706e-04
3.0270000000e-01,	1.8146550092e-04,	2.5001827647e+00,	4.9998525809e+02,	5.0001474191e+02,	-5.8967642151e-04
3.0280000000e-01,	1.8140655245e-04,	2.5001827828e+00,	4.9998526767e+02,	5.0001473233e+02,	-5.8929318013e-04
3.0290000000e-01,	1.8134764228e-04,	2.5001828010e+00,	4.9998527724e+02,	5.0001472276e+02,	-5.8891031243e-04
3.0300000000e-01,	1.8128877037e-04,	2.5001828191e+00,	4.9998528680e+02,	5.0001471320e+02,	-5.8852781792e-04
3.0310000000e-01,	1.8122993670e-04,	2.5001828372e+00,	4.9998529636e+02,	5.0001470364e+02,	-5.8814569613e-04
3.0320000000e-01,	1.8117114122e-04,	2.5001828553e+00,	4.9998530590e+02,	5.0001469410e+02,	-5.8776394656e-04
3.0330000000e-01,	1.8111238390e-04,	2.5001828735e+00,	4.9998531544e+02,	5.0001468456e+02,	-5.8738256874e-04
3.0340000000e-01,	1.8105366469e-04,	2.5001828916e+00,	4.9998532496e+02,	5.0001467504e+02,	-5.8700156217e-04
3.0350000000e-01,	1.8099498357e-04,	2.5001829097e+00,	4.9998533448e+02,	5.0001466552e+02,	-5.8662092638e-04
3.0360000000e-01,	1.8093634050e-04,	2.5001829278e+00,	4.9998534398e+02,	5.0001465602e+02,	-5.8624066089e-04
3.0370000000e-01,	1.8087773543e-04,	2.5001829458e+00,	4.9998535348e+02,	5.0001464652e+02,	-5.8586076522e-04
3.0380000000e-01,	1.8081916833e-04,	2.5001829639e+00,	4.9998536297e+02,	5.0001463703e+02,	-5.8548123888e-04
3.0390000000e-01,	1.8076063917e-04,	2.5001829820e+00,	4.9998537245e+02,	5.0001462755e+02,	-5.8510208140e-04
3.0400000000e-01,	1.8070214790e-04,	2.5001830001e+00,	4.9998538192e+02,	5.0001461808e+02,	-5.8472329230e-04
3.0410000000e-01,	1.8064369450e-04,	2.5001830182e+00,	4.9998539138e+02,	5.0001460862e+02,	-5.8434487111e-04
3.0420000000e-01,	1.8058527892e-04,	2.5001830362e+00,	4.9998540083e+02,	5.0001459917e+02,	-5.8396681734e-04
3.0430000000e-01,	1.8052690112e-04,	2.5001830543e+00,	4.9998541027e+02,	5.0001458973e+02,	-5.8358913052e-04
3.0440000000e-01,	1.8046856108e-04,	2.5001830723e+00,	4.9998541970e+02,	5.0001458030e+02,	-5.8321181018e-04
3.0450000000e-01,	1.8041025875e-04,	2.5001830904e+00,	4.9998542913e+02,	5.0001457087e+02,	-5.8283485583e-04
3.0460000000e-01,	1.8035199409e-04,	2.5001831084e+00,	4.9998543854e+02,	5.0001456146e+02,	-5.8245826702e-04
3.0470000000e-01,	1.8029376708e-04,	2.5001831264e+00,	4.9998544795e+02,	5.0001455205e+02,	-5.8208204326e-04
3.0480000000e-01,	1.8023557767e-04,	2.5001831445e+00,	4.9998545735e+02,	5.0001454265e+02,	-5.8170618409e-04
3.0490000000e-01,	1.8017742583e-04,	2.5001831625e+00,	4.9998546673e+02,	5.0001453327e+02,	-5.8133068898e-04
3.0500000000e-01,	1.8011931152e-04,	2.5001831805e+00,	4.9998547611e+02,	5.0001452389e+02,	-5.8095555758e-04
3.0510000000e-01,	1.8006123471e-04,	2.5001831985e+00,	4.9998548548e+02,	5.0001451452e+02,	-5.8058078933e-04
3.0520000000e-01,	1.8000319535e-04,	2.5001832165e+00,	4.9998549484e+02,	5.0001450516e+02,	-5.8020638379e-04
3.0530000000e-01,	1.7994519342e-04,	2.5001832345e+00,	4.9998550419e+02,	5.0001449581e+02,	-5.7983234048e-04
3.0540000000e-01,	1.7988722887e-04,	2.5001832525e+00,	4.9998551353e+02,	5.0001448647e+02,	-5.7945865893e-04
3.0550000000e-01,	1.7982930168e-04,	2.5001832705e+00,	4.9998552287e+02,	5.0001447713e+02,	-5.7908533869e-04
3.0560000000e-01,	1.7977141179e-04,	2.5001832885e+00,	4.9998553219e+02,	5.0001446781e+02,	-5.7871237928e-04
3.0570000000e-01,	1.7971355919e-04,	2.5001833064e+00,	4.9998554151e+02,	5.0001445849e+02,	-5.7833978024e-04
3.0580000000e-01,	1.7965574383e-04,	2.5001833244e+00,	4.9998555081e+02,	5.0001444919e+02,	-5.7796754111e-04
3.0590000000e-01,	1.7959796567e-04,	2.5001833424e+00,	4.9998556011e+02,	5.0001443989e+02,	-5.7759566142e-04
3.0600000000e-01,	1.7954022468e-04,	2.5001833603e+00,	4.9998556940e+02,	5.0001443060e+02,	-5.7722414071e-04
3.0610000000e-01,	1.7948252083e-04,	2.5001833783e+00,	4.9998557868e+02,	5.0001442132e+02,	-5.7685297851e-04
3.0620000000e-01,	1.7942485407e-04,	2.5001833962e+00,	4.9998558795e+02,	5.0001441205e+02,	-5.7648217437e-04
3.0630000000e-01,	1.7936722438e-04,	2.5001834142e+00,	4.9998559721e+02,	5.0001440279e+02,	-5.7611172783e-04
3.0640000000e-01,	1.7930963172e-04,	2.5001834321e+00,	4.9998560646e+02,	5.0001439354e+02,	-5.7574163842e-04
3.0650000000e-01,	1.7925207604e-04,	2.5001834500e+00,	4.9998561570e+02,	5.0001438430e+02,	-5.7537190568e-04
3.0660000000e-01,	1.7919455732e-04,	2.5001834679e+00,	4.9998562494e+02,	5.0001437506e+02,	-5.7500252917e-04
3.0670000000e-01,	1.7913707552e-04,	2.5001834859e+00,	4.9998563416e+02,	5.0001436584e+02,	-5.7463350841e-04
3.0680000000e-01,	1.7907963061e-04,	2.5001835038e+00,	4.9998564338e+02,	5.0001435662e+02,	-5.7426484296e-04
3.0690000000e-01,	1.7902222254e-04,	2.5001835217e+00,	4.9998565259e+02,	5.0001434741e+02,	-5.7389653236e-04
3.0700000000e-01,	1.7896485129e-04,	2.5001835396e+00,	4.9998566179e+02,	5.0001433821e+02,	-5.7352857614e-04
3.0710000000e-01,	1.7890751682e-04,	2.5001835575e+00,	4.9998567098e+02,	5.0001432902e+02,	-5.7316097386e-04
3.0720000000e-01,	1.7885021909e-04,	2.5001835754e+00,	4.9998568016e+02,	5.0001431984e+02,	-5.7279372507e-04
3.0730000000e-01,	1.7879295806e-04,	2.5001835932e+00,	4.9998568933e+02,	5.0001431067e+02,	-5.7242682931e-04
3.0740000000e-01,	1.7873573371e-04,	2.5001836111e+00,	4.9998569849e+02,	5.0001430151e+02,	-5.7206028611e-04
3.0750000000e-01,	1.7867854599e-04,	2.5001836290e+00,	4.9998570765e+02,	5.0001429235e+02,	-5.7169409505e-04
3.0760000000e-01,	1.7862139488e-04,	2.5001836469e+00,	4.9998571679e+02,	5.0001428321e+02,	-5.7132825566e-04
3.0770000000e-01,	1.7856428033e-04,	2.5001836647e+00,	4.9998572593e+02,	5.0001427407e+02,	-5.7096276749e-04
3.0780000000e-01,	1.7850720231e-04,	2.5001836826e+00,	4.9998573506e+02,	5.0001426494e+02,	-5.7059763010e-04
3.0790000000e-01,	1.7845016079e-04,	2.5001837004e+00,	4.9998574418e+02,	5.0001425582e+02,	-5.7023284304e-04
3.0800000000e-01,	1.7839315573e-04,	2.5001837183e+00,	4.9998575329e+02,	5.0001424671e+02,	-5.6986840584e-04
3.0810000000e-01,	1.7833618710e-04,	2.5001837361e+00,	4.9998576239e+02,	5.0001423761e+02,	-5.6950431808e-04
3.0820000000e-01,	1.7827925486e-04,	2.5001837539e+00,	4.9998577149e+02,	5.0001422851e+02,	-5.6914057930e-04
3.0830000000e-01,	1.7822235897e-04,	2.5001837717e+00,	4.9998578057e+02,	5.0001421943e+02,	-5.6877718906e-04
3.0840000000e-01,	1.7816549941e-04,	2.5001837896e+00,	4.9998578965e+02,	5.0001421035e+02,	-5.6841414690e-04
3.0850000000e-01,	1.7810867613e-04,	2.5001838074e+00,	4.9998579871e+02,	5.0001420129e+02,	-5.6805145240e-04
3.0860000000e-01,	1.7805188910e-04,	2.5001838252e+00,	4.9998580777e+02,	5.0001419223e+02,	-5.6768910509e-04
3.0870000000e-01,	1.7799513830e-04,	2.5001838430e+00,	4.9998581682e+02,	5.0001418318e+02,	-5.6732710454e-04
3.0880000000e-01,	1.7793842367e-04,	2.5001838608e+00,	4.9998582586e+02,	5.0001417414e+02,	-5.6696545032e-04
3.0890000000e-01,	1.7788174520e-04,	2.5001838786e+00,	4.9998583490e+02,	5.0001416510e+02,	-5.6660414196e-04
3.0900000000e-01,	1.7782510283e-04,	2.5001838964e+00,	4.9998584392e+02,	5.0001415608e+02,	-5.6624317904e-04
3.0910000000e-01,	1.7776849655e-04,	2.5001839141e+00,	4.9998585294e+02,	5.0001414706e+02,	-5.6588256112e-04
3.0920000000e-01,	1.7771192631e-04,	2.5001839319e+00,	4.9998586194e+02,	5.0001413806e+02,	-5.6552228774e-04
3.0930000000e-01,	1.7765539208e-04,	2.5001839497e+00,	4.9998587094e+02,	5.0001412906e+02,	-5.6516235848e-04
3.0940000000e-01,	1.7759889383e-04,	2.5001839675e+00,	4.9998587993e+02,	5.0001412007e+02,	-5.6480277290e-04
3.0950000000e-01,	1.7754243151e-04,	2.5001839852e+00,	4.9998588891e+02,	5.0001411109e+02,	-5.6444353055e-04
3.0960000000e-01,	1.7748600511e-04,	2.5001840030e+00,	4.9998589788e+02,	5.0001410212e+02,	-5.6408463101e-04
3.0970000000e-01,	1.7742961458e-04,	2.5001840207e+00,	4.9998590685e+02,	5.0001409315e+02,	-5.6372607383e-04
3.0980000000e-01,	1.7737325988e-04,	2.5001840384e+00,	4.9998591580e+02,	5.0001408420e+02,	-5.6336785858e-04
3.0990000000e-01,	1.7731694099e-04,	2.5001840562e+00,	4.9998592475e+02,	5.0001407525e+02,	-5.6300998481e-04
3.1000000000e-01,	1.7726065787e-04,	2.5001840739e+00,	4.9998593369e+02,	5.0001406631e+02,	-5.6265245211e-04
3.1010000000e-01,	1.7720441049e-04,	2.5001840916e+00,	4.9998594262e+02,	5.0001405738e+02,	-5.6229526005e-04
3.1020000000e-01,	1.7714819881e-04,	2.5001841093e+00,	4.9998595154e+02,	5.0001404846e+02,	-5.6193840818e-04
3.1030000000e-01,	1.7709202280e-04,	2.5001841271e+00,	4.9998596045e+02,	5.0001403955e+02,	-5.6158189608e-04
3.1040000000e-01,	1.7703588242e-04,	2.5001841448e+00,	4.9998596936e+02,	5.0001403064e+02,	-5.6122572330e-04
3.1050000000e-01,	1.7697977764e-04,	2.5001841625e+00,	4.9998597825e+02,	5.0001402175e+02,	-5.6086988942e-04
3.1060000000e-01,	1.7692370843e-04,	2.5001841802e+00,	4.9998598714e+02,	5.0001401286e+02,	-5.6051439402e-04
3.1070000000e-01,	1.7686767475e-04,	2.5001841979e+00,	4.9998599602e+02,	5.0001400398e+02,	-5.6015923665e-04
3.1080000000e-01,	1.7681167657e-04,	2.5001842155e+00,	4.9998600489e+02,	5.0001399511e+02,	-5.5980441690e-04
3.1090000000e-01,	1.7675571386e-04,	2.5001842332e+00,	4.9998601375e+02,	5.0001398625e+02,	-5.5944993433e-04
3.1100000000e-01,	1.7669978657e-04,	2.5001842509e+00,	4.9998602261e+02,	5.0001397739e+02,	-5.5909578852e-04
3.1110000000e-01,	1.7664389469e-04,	2.5001842686e+00,	4.9998603145e+02,	5.0001396855e+02,	-5.5874197903e-04
3.1120000000e-01,	1.7658803817e-04,	2.5001842862e+00,	4.9998604029e+02,	5.0001395971e+02,	-5.5838850546e-04
3.1130000000e-01,	1.7653221698e-04,	2.5001843039e+00,	4.9998604912e+02,	5.0001395088e+02,	-5.5803536736e-04
3.1140000000e-01,	1.7647643108e-04,	2.5001843215e+00,	4.9998605794e+02,	5.0001394206e+02,	-5.5768256432e-04
3.1150000000e-01,	1.7642068045e-04,	2.5001843392e+00,	4.9998606675e+02,	5.0001393325e+02,	-5.5733009590e-04
3.1160000000e-01,	1.7636496505e-04,	2.5001843568e+00,	4.9998607555e+02,	5.0001392445e+02,	-5.5697796170e-04
3.1170000000e-01,	1.7630928485e-04,	2.5001843744e+00,	4.9998608435e+02,	5.0001391565e+02,	-5.5662616127e-04
3.1180000000e-01,	1.7625363981e-04,	2.5001843921e+00,	4.9998609313e+02,	5.0001390687e+02,	-5.5627469421e-04
3.1190000000e-01,	1.7619802990e-04,	2.5001844097e+00,	4.9998610191e+02,	5.0001389809e+02,	-5.5592356010e-04
3.1200000000e-01,	1.7614245509e-04,	2.5001844273e+00,	4.9998611068e+02,	5.0001388932e+02,	-5.5557275851e-04
3.1210000000e-01,	1.7608691534e-04,	2.5001844449e+00,	4.9998611944e+02,	5.0001388056e+02,	-5.5522228901e-04
3.1220000000e-01,	1.7603141062e-04,	2.5001844625e+00,	4.9998612820e+02,	5.0001387180e+02,	-5.5487215120e-04
3.1230000000e-01,	1.7597594089e-04,	2.5001844801e+00,	4.9998613694e+02,	5.0001386306e+02,	-5.5452234465e-04
3.1240000000e-01,	1.7592050614e-04,	2.5001844977e+00,	4.9998614568e+02,	5.0001385432e+02,	-5.5417286895e-04
3.1250000000e-01,	1.7586510631e-04,	2.5001845153e+00,	4.9998615441e+02,	5.0001384559e+02,	-5.5382372367e-04
3.1260000000e-01,	1.7580974138e-04,	2.5001845329e+00,	4.9998616313e+02,	5.0001383687e+02,	-5.5347490842e-04
3.1270000000e-01,	1.7575441132e-04,	2.5001845505e+00,	4.9998617184e+02,	5.0001382816e+02,	-5.5312642273e-04
3.1280000000e-01,	1.7569911609e-04,	2.5001845680e+00,	4.9998618054e+02,	5.0001381946e+02,	-5.5277826625e-04
3.1290000000e-01,	1.7564385565e-04,	2.5001845856e+00,	4.9998618924e+02,	5.0001381076e+02,	-5.5243043852e-04
3.1300000000e-01,	1.7558862999e-04,	2.5001846032e+00,	4.9998619793e+02,	5.0001380207e+02,	-5.5208293915e-04
3.1310000000e-01,	1.7553343905e-04,	2.5001846207e+00,	4.9998620661e+02,	5.0001379339e+02,	-5.5173576772e-04
3.1320000000e-01,	1.7547828282e-04,	2.5001846383e+00,	4.9998621528e+02,	5.0001378472e+02,	-5.5138892381e-04
3.1330000000e-01,	1.7542316126e-04,	2.5001846558e+00,	4.9998622394e+02,	5.0001377606e+02,	-5.5104240701e-04
3.1340000000e-01,	1.7536807433e-04,	2.5001846734e+00,	4.9998623259e+02,	5.0001376741e+02,	-5.5069621692e-04
3.1350000000e-01,	1.7531302200e-04,	2.5001846909e+00,	4.9998624124e+02,	5.0001375876e+02,	-5.5035035312e-04
3.1360000000e-01,	1.7525800425e-04,	2.5001847084e+00,	4.9998624988e+02,	5.0001375012e+02,	-5.5000481520e-04
3.1370000000e-01,	1.7520302103e-04,	2.5001847260e+00,	4.9998625851e+02,	5.0001374149e+02,	-5.4965960275e-04
3.1380000000e-01,	1.7514807232e-04,	2.5001847435e+00,	4.9998626713e+02,	5.0001373287e+02,	-5.4931471536e-04
3.1390000000e-01,	1.7509315808e-04,	2.5001847610e+00,	4.9998627575e+02,	5.0001372425e+02,	-5.4897015263e-04
3.1400000000e-01,	1.7503827828e-04,	2.5001847785e+00,	4.9998628435e+02,	5.0001371565e+02,	-5.4862591414e-04
3.1410000000e-01,	1.7498343288e-04,	2.5001847960e+00,	4.9998629295e+02,	5.0001370705e+02,	-5.4828199950e-04
3.1420000000e-01,	1.7492862186e-04,	2.5001848135e+00,	4.9998630154e+02,	5.0001369846e+02,	-5.4793840828e-04
3.1430000000e-01,	1.7487384519e-04,	2.5001848310e+00,	4.9998631012e+02,	5.0001368988e+02,	-5.4759514010e-04
3.1440000000e-01,	1.7481910283e-04,	2.5001848485e+00,	4.9998631869e+02,	5.0001368130e+02,	-5.4725219454e-04
3.1450000000e-01,	1.7476439474e-04,	2.5001848659e+00,	4.9998632726e+02,	5.0001367274e+02,	-5.4690957120e-04
3.1460000000e-01,	1.7470972090e-04,	2.5001848834e+00,	4.9998633582e+02,	5.0001366418e+02,	-5.4656726967e-04
3.1470000000e-01,	1.7465508128e-04,	2.5001849009e+00,	4.9998634437e+02,	5.0001365563e+02,	-5.4622528956e-04
3.1480000000e-01,	1.7460047583e-04,	2.5001849183e+00,	4.9998635291e+02,	5.0001364709e+02,	-5.4588363045e-04
3.1490000000e-01,	1.7454590454e-04,	2.5001849358e+00,	4.9998636144e+02,	5.0001363856e+02,	-5.4554229196e-04
3.1500000000e-01,	1.7449136736e-04,	2.5001849533e+00,	4.9998636997e+02,	5.0001363003e+02,	-5.4520127367e-04
3.1510000000e-01,	1.7443686427e-04,	2.5001849707e+00,	4.9998637849e+02,	5.0001362151e+02,	-5.4486057519e-04
3.1520000000e-01,	1.7438239524e-04,	2.5001849881e+00,	4.9998638699e+02,	5.0001361300e+02,	-5.4452019611e-04
3.1530000000e-01,	1.7432796022e-04,	2.5001850056e+00,	4.9998639550e+02,	5.0001360450e+02,	-5.4418013605e-04
3.1540000000e-01,	1.7427355920e-04,	2.5001850230e+00,	4.9998640399e+02,	5.0001359601e+02,	-5.4384039454e-04
3.1550000000e-01,	1.7421919213e-04,	2.5001850404e+00,	4.9998641248e+02,	5.0001358752e+02,	-5.4350097129e-04
3.1560000000e-01,	1.7416485899e-04,	2.5001850578e+00,	4.9998642095e+02,	5.0001357905e+02,	-5.4316186587e-04
3.1570000000e-01,	1.7411055975e-04,	2.5001850753e+00,	4.9998642942e+02,	5.0001357058e+02,	-5.4282307785e-04
3.1580000000e-01,	1.7405629437e-04,	2.5001850927e+00,	4.9998643788e+02,	5.0001356212e+02,	-5.4248460684e-04
3.1590000000e-01,	1.7400206282e-04,	2.5001851101e+00,	4.9998644634e+02,	5.0001355366e+02,	-5.4214645246e-04
3.1600000000e-01,	1.7394786507e-04,	2.5001851275e+00,	4.9998645478e+02,	5.0001354522e+02,	-5.4180861431e-04
3.1610000000e-01,	1.7389370109e-04,	2.5001851449e+00,	4.9998646322e+02,	5.0001353678e+02,	-5.4147109199e-04
3.1620000000e-01,	1.7383957084e-04,	2.5001851622e+00,	4.9998647165e+02,	5.0001352835e+02,	-5.4113388511e-04
3.1630000000e-01,	1.7378547430e-04,	2.5001851796e+00,	4.9998648008e+02,	5.0001351992e+02,	-5.4079699328e-04
3.1640000000e-01,	1.7373141143e-04,	2.5001851970e+00,	4.9998648849e+02,	5.0001351151e+02,	-5.4046041610e-04
3.1650000000e-01,	1.7367738220e-04,	2.5001852144e+00,	4.9998649690e+02,	5.0001350310e+02,	-5.4012415320e-04
3.1660000000e-01,	1.7362338659e-04,	2.5001852317e+00,	4.9998650529e+02,	5.0001349470e+02,	-5.3978820415e-04
3.1670000000e-01,	1.7356942455e-04,	2.5001852491e+00,	4.9998651369e+02,	5.0001348631e+02,	-5.3945256860e-04
3.1680000000e-01,	1.7351549606e-04,	2.5001852665e+00,	4.9998652207e+02,	5.0001347793e+02,	-5.3911724613e-04
3.1690000000e-01,	1.7346160109e-04,	2.5001852838e+00,	4.9998653044e+02,	5.0001346956e+02,	-5.3878223636e-04
3.1700000000e-01,	1.7340773961e-04,	2.5001853011e+00,	4.9998653881e+02,	5.0001346119e+02,	-5.3844753891e-04
3.1710000000e-01,	1.7335391157e-04,	2.5001853185e+00,	4.9998654717e+02,	5.0001345283e+02,	-5.3811315338e-04
3.1720000000e-01,	1.7330011697e-04,	2.5001853358e+00,	4.9998655552e+02,	5.0001344448e+02,	-5.3777907939e-04
3.1730000000e-01,	1.7324635575e-04,	2.5001853531e+00,	4.9998656387e+02,	5.0001343613e+02,	-5.3744531655e-04
3.1740000000e-01,	1.7319262789e-04,	2.5001853705e+00,	4.9998657220e+02,	5.0001342780e+02,	-5.3711186447e-04
3.1750000000e-01,	1.7313893337e-04,	2.5001853878e+00,	4.9998658053e+02,	5.0001341947e+02,	-5.3677872277e-04
3.1760000000e-01,	1.7308527214e-04,	2.5001854051e+00,	4.9998658885e+02,	5.0001341115e+02,	-5.3644589106e-04
3.1770000000e-01,	1.7303164418e-04,	2.5001854224e+00,	4.9998659717e+02,	5.0001340283e+02,	-5.3611336896e-04
3.1780000000e-01,	1.7297804945e-04,	2.5001854397e+00,	4.9998660547e+02,	5.0001339453e+02,	-5.3578115608e-04
3.1790000000e-01,	1.7292448794e-04,	2.5001854570e+00,	4.9998661377e+02,	5.0001338623e+02,	-5.3544925204e-04
3.1800000000e-01,	1.7287095959e-04,	2.5001854743e+00,	4.9998662206e+02,	5.0001337794e+02,	-5.3511765646e-04
3.1810000000e-01,	1.7281746439e-04,	2.5001854916e+00,	4.9998663034e+02,	5.0001336966e+02,	-5.3478636896e-04
3.1820000000e-01,	1.7276400231e-04,	2.5001855089e+00,	4.9998663862e+02,	5.0001336138e+02,	-5.3445538915e-04
3.1830000000e-01,	1.7271057331e-04,	2.5001855261e+00,	4.9998664688e+02,	5.0001335312e+02,	-5.3412471664e-04
3.1840000000e-01,	1.7265717735e-04,	2.5001855434e+00,	4.9998665514e+02,	5.0001334486e+02,	-5.3379435106e-04
3.1850000000e-01,	1.7260381443e-04,	2.5001855607e+00,	4.9998666339e+02,	5.0001333661e+02,	-5.3346429205e-04
3.1860000000e-01,	1.7255048449e-04,	2.5001855779e+00,	4.9998667164e+02,	5.0001332836e+02,	-5.3313453921e-04
3.1870000000e-01,	1.7249718751e-04,	2.5001855952e+00,	4.9998667987e+02,	5.0001332013e+02,	-5.3280509216e-04
3.1880000000e-01,	1.7244392346e-04,	2.5001856124e+00,	4.9998668810e+02,	5.0001331190e+02,	-5.3247595052e-04
3.1890000000e-01,	1.7239069231e-04,	2.5001856297e+00,	4.9998669632e+02,	5.0001330368e+02,	-5.3214711392e-04
3.1900000000e-01,	1.7233749402e-04,	2.5001856469e+00,	4.9998670454e+02,	5.0001329546e+02,	-5.3181858199e-04
3.1910000000e-01,	1.7228432858e-04,	2.5001856641e+00,	4.9998671274e+02,	5.0001328726e+02,	-5.3149035433e-04
3.1920000000e-01,	1.7223119594e-04,	2.5001856813e+00,	4.9998672094e+02,	5.0001327906e+02,	-5.3116243059e-04
3.1930000000e-01,	1.7217809608e-04,	2.5001856986e+00,	4.9998672913e+02,	5.0001327087e+02,	-5.3083481038e-04
3.1940000000e-01,	1.7212502897e-04,	2.5001857158e+00,	4.9998673731e+02,	5.0001326269e+02,	-5.3050749333e-04
3.1950000000e-01,	1.7207199458e-04,	2.5001857330e+00,	4.9998674549e+02,	5.0001325451e+02,	-5.3018047906e-04
3.1960000000e-01,	1.7201899287e-04,	2.5001857502e+00,	4.9998675366e+02,	5.0001324634e+02,	-5.2985376721e-04
3.1970000000e-01,	1.7196602381e-04,	2.5001857674e+00,	4.9998676182e+02,	5.0001323818e+02,	-5.2952735739e-04
3.1980000000e-01,	1.7191308738e-04,	2.5001857846e+00,	4.9998676997e+02,	5.0001323003e+02,	-5.2920124924e-04
3.1990000000e-01,	1.7186018355e-04,	2.5001858018e+00,	4.9998677811e+02,	5.0001322189e+02,	-5.2887544238e-04
3.2000000000e-01,	1.7180731229e-04,	2.5001858190e+00,	4.9998678625e+02,	5.0001321375e+02,	-5.2854993644e-04
3.2010000000e-01,	1.7175447355e-04,	2.5001858361e+00,	4.9998679438e+02,	5.0001320562e+02,	-5.2822473106e-04
3.2020000000e-01,	1.7170166733e-04,	2.5001858533e+00,	4.9998680250e+02,	5.0001319750e+02,	-5.2789982586e-04
3.2030000000e-01,	1.7164889358e-04,	2.5001858705e+00,	4.9998681062e+02,	5.0001318938e+02,	-5.2757522047e-04
3.2040000000e-01,	1.7159615228e-04,	2.5001858876e+00,	4.9998681873e+02,	5.0001318127e+02,	-5.2725091453e-04
3.2050000000e-01,	1.7154344339e-04,	2.5001859048e+00,	4.9998682683e+02,	5.0001317317e+02,	-5.2692690766e-04
3.2060000000e-01,	1.7149076688e-04,	2.5001859220e+00,	4.9998683492e+02,	5.0001316508e+02,	-5.2660319950e-04
3.2070000000e-01,	1.7143812274e-04,	2.5001859391e+00,	4.9998684301e+02,	5.0001315699e+02,	-5.2627978968e-04
3.2080000000e-01,	1.7138551092e-04,	2.5001859562e+00,	4.9998685108e+02,	5.0001314892e+02,	-5.2595667783e-04
3.2090000000e-01,	1.7133293139e-04,	2.5001859734e+00,	4.9998685915e+02,	5.0001314085e+02,	-5.2563386359e-04
3.2100000000e-01,	1.7128038413e-04,	2.5001859905e+00,	4.9998686722e+02,	5.0001313278e+02,	-5.2531134659e-04
3.2110000000e-01,	1.7122786911e-04,	2.5001860076e+00,	4.9998687527e+02,	5.0001312473e+02,	-5.2498912647e-04
3.2120000000e-01,	1.7117538630e-04,	2.5001860248e+00,	4.9998688332e+02,	5.0001311668e+02,	-5.2466720287e-04
3.2130000000e-01,	1.7112293566e-04,	2.5001860419e+00,	4.9998689136e+02,	5.0001310864e+02,	-5.2434557542e-04
3.2140000000e-01,	1.7107051717e-04,	2.5001860590e+00,	4.9998689939e+02,	5.0001310061e+02,	-5.2402424377e-04
3.2150000000e-01,	1.7101813080e-04,	2.5001860761e+00,	4.9998690742e+02,	5.0001309258e+02,	-5.2370320747e-04
3.2160000000e-01,	1.7096577652e-04,	2.5001860932e+00,	4.9998691544e+02,	5.0001308456e+02,	-5.2338246628e-04
3.2170000000e-01,	1.7091345430e-04,	2.5001861103e+00,	4.9998692345e+02,	5.0001307655e+02,	-5.2306201979e-04
3.2180000000e-01,	1.7086116411e-04,	2.5001861274e+00,	4.9998693145e+02,	5.0001306855e+02,	-5.2274186764e-04
3.2190000000e-01,	1.7080890592e-04,	2.5001861444e+00,	4.9998693945e+02,	5.0001306055e+02,	-5.2242200946e-04
3.2200000000e-01,	1.7075667970e-04,	2.5001861615e+00,	4.9998694744e+02,	5.0001305256e+02,	-5.2210244490e-04
3.2210000000e-01,	1.7070448542e-04,	2.5001861786e+00,	4.9998695542e+02,	5.0001304458e+02,	-5.2178317360e-04
3.2220000000e-01,	1.7065232305e-04,	2.5001861957e+00,	4.9998696339e+02,	5.0001303660e+02,	-5.2146419520e-04
3.2230000000e-01,	1.7060019257e-04,	2.5001862127e+00,	4.9998697136e+02,	5.0001302864e+02,	-5.2114550933e-04
3.2240000000e-01,	1.7054809394e-04,	2.5001862298e+00,	4.9998697932e+02,	5.0001302068e+02,	-5.2082711566e-04
3.2250000000e-01,	1.7049602714e-04,	2.5001862468e+00,	4.9998698727e+02,	5.0001301273e+02,	-5.2050901380e-04
3.2260000000e-01,	1.7044399213e-04,	2.5001862639e+00,	4.9998699522e+02,	5.0001300478e+02,	-5.2019120342e-04
3.2270000000e-01,	1.7039198889e-04,	2.5001862809e+00,	4.9998700316e+02,	5.0001299684e+02,	-5.1987368415e-04
3.2280000000e-01,	1.7034001738e-04,	2.5001862980e+00,	4.9998701109e+02,	5.0001298891e+02,	-5.1955645563e-04
3.2290000000e-01,	1.7028807758e-04,	2.5001863150e+00,	4.9998701901e+02,	5.0001298099e+02,	-5.1923951752e-04
3.2300000000e-01,	1.7023616947e-04,	2.5001863320e+00,	4.9998702693e+02,	5.0001297307e+02,	-5.1892286945e-04
3.2310000000e-01,	1.7018429300e-04,	2.5001863490e+00,	4.9998703484e+02,	5.0001296516e+02,	-5.1860651108e-04
3.2320000000e-01,	1.7013244816e-04,	2.5001863661e+00,	4.9998704274e+02,	5.0001295726e+02,	-5.1829044205e-04
3.2330000000e-01,	1.7008063490e-04,	2.5001863831e+00,	4.9998705063e+02,	5.0001294937e+02,	-5.1797466201e-04
3.2340000000e-01,	1.7002885321e-04,	2.5001864001e+00,	4.9998705852e+02,	5.0001294148e+02,	-5.1765917060e-04
3.2350000000e-01,	1.6997710306e-04,	2.5001864171e+00,	4.9998706640e+02,	5.0001293360e+02,	-5.1734396747e-04
3.2360000000e-01,	1.6992538441e-04,	2.5001864341e+00,	4.9998707427e+02,	5.0001292573e+02,	-5.1702905228e-04
3.2370000000e-01,	1.6987369724e-04,	2.5001864511e+00,	4.9998708214e+02,	5.0001291786e+02,	-5.1671442467e-04
3.2380000000e-01,	1.6982204152e-04,	2.5001864680e+00,	4.9998709000e+02,	5.0001291000e+02,	-5.1640008429e-04
3.2390000000e-01,	1.6977041721e-04,	2.5001864850e+00,	4.9998709785e+02,	5.0001290215e+02,	-5.1608603079e-04
3.2400000000e-01,	1.6971882430e-04,	2.5001865020e+00,	4.9998710569e+02,	5.0001289431e+02,	-5.1577226382e-04
3.2410000000e-01,	1.6966726275e-04,	2.5001865190e+00,	4.9998711353e+02,	5.0001288647e+02,	-5.1545878304e-04
3.2420000000e-01,	1.6961573253e-04,	2.5001865359e+00,	4.9998712136e+02,	5.0001287864e+02,	-5.1514558809e-04
3.2430000000e-01,	1.6956423362e-04,	2.5001865529e+00,	4.9998712918e+02,	5.0001287082e+02,	-5.1483267863e-04
3.2440000000e-01,	1.6951276599e-04,	2.5001865698e+00,	4.9998713700e+02,	5.0001286300e+02,	-5.1452005431e-04
3.2450000000e-01,	1.6946132960e-04,	2.5001865868e+00,	4.9998714481e+02,	5.0001285519e+02,	-5.1420771479e-04
3.2460000000e-01,	1.6940992444e-04,	2.5001866037e+00,	4.9998715261e+02,	5.0001284739e+02,	-5.1389565971e-04
3.2470000000e-01,	1.6935855046e-04,	2.5001866207e+00,	4.9998716040e+02,	5.0001283960e+02,	-5.1358388873e-04
3.2480000000e-01,	1.6930720765e-04,	2.5001866376e+00,	4.9998716819e+02,	5.0001283181e+02,	-5.1327240151e-04
3.2490000000e-01,	1.6925589597e-04,	2.5001866545e+00,	4.9998717597e+02,	5.0001282403e+02,	-5.1296119771e-04
3.2500000000e-01,	1.6920461540e-04,	2.5001866715e+00,	4.9998718374e+02,	5.0001281626e+02,	-5.1265027698e-04
3.2510000000e-01,	1.6915336591e-04,	2.5001866884e+00,	4.9998719151e+02,	5.0001280849e+02,	-5.1233963897e-04
3.2520000000e-01,	1.6910214746e-04,	2.5001867053e+00,	4.9998719927e+02,	5.0001280073e+02,	-5.1202928335e-04
3.2530000000e-01,	1.6905096004e-04,	2.5001867222e+00,	4.9998720702e+02,	5.0001279298e+02,	-5.1171920977e-04
3.2540000000e-01,	1.6899980361e-04,	2.5001867391e+00,	4.9998721476e+02,	5.0001278524e+02,	-5.1140941789e-04
3.2550000000e-01,	1.6894867815e-04,	2.5001867560e+00,	4.9998722250e+02,	5.0001277750e+02,	-5.1109990737e-04
3.2560000000e-01,	1.6889758362e-04,	2.5001867729e+00,	4.9998723023e+02,	5.0001276977e+02,	-5.1079067786e-04
3.2570000000e-01,	1.6884652000e-04,	2.5001867898e+00,	4.9998723796e+02,	5.0001276204e+02,	-5.1048172904e-04
3.2580000000e-01,	1.6879548727e-04,	2.5001868067e+00,	4.9998724567e+02,	5.0001275433e+02,	-5.1017306054e-04
3.2590000000e-01,	1.6874448538e-04,	2.5001868235e+00,	4.9998725338e+02,	5.0001274662e+02,	-5.0986467205e-04
3.2600000000e-01,	1.6869351432e-04,	2.5001868404e+00,	4.9998726109e+02,	5.0001273891e+02,	-5.0955656321e-04
3.2610000000e-01,	1.6864257406e-04,	2.5001868573e+00,	4.9998726878e+02,	5.0001273122e+02,	-5.0924873370e-04
3.2620000000e-01,	1.6859166457e-04,	2.5001868741e+00,	4.9998727647e+02,	5.0001272353e+02,	-5.0894118318e-04
3.2630000000e-01,	1.6854078581e-04,	2.5001868910e+00,	4.9998728415e+02,	5.0001271585e+02,	-5.0863391129e-04
3.2640000000e-01,	1.6848993778e-04,	2.5001869078e+00,	4.9998729183e+02,	5.0001270817e+02,	-5.0832691772e-04
3.2650000000e-01,	1.6843912042e-04,	2.5001869247e+00,	4.9998729949e+02,	5.0001270050e+02,	-5.0802020212e-04
3.2660000000e-01,	1.6838833373e-04,	2.5001869415e+00,	4.9998730716e+02,	5.0001269284e+02,	-5.0771376416e-04
3.2670000000e-01,	1.6833757766e-04,	2.5001869584e+00,	4.9998731481e+02,	5.0001268519e+02,	-5.0740760351e-04
3.2680000000e-01,	1.6828685220e-04,	2.5001869752e+00,	4.9998732246e+02,	5.0001267754e+02,	-5.0710171982e-04
3.2690000000e-01,	1.6823615731e-04,	2.5001869920e+00,	4.9998733010e+02,	5.0001266990e+02,	-5.0679611276e-04
3.2700000000e-01,	1.6818549296e-04,	2.5001870088e+00,	4.9998733773e+02,	5.0001266227e+02,	-5.0649078201e-04
3.2710000000e-01,	1.6813485914e-04,	2.5001870257e+00,	4.9998734536e+02,	5.0001265464e+02,	-5.0618572722e-04
3.2720000000e-01,	1.6808425581e-04,	2.5001870425e+00,	4.9998735298e+02,	5.0001264702e+02,	-5.0588094807e-04
3.2730000000e-01,	1.6803368294e-04,	2.5001870593e+00,	4.9998736059e+02,	5.0001263941e+02,	-5.0557644422e-04
3.2740000000e-01,	1.6798314051e-04,	2.5001870761e+00,	4.9998736819e+02,	5.0001263181e+02,	-5.0527221534e-04
3.2750000000e-01,	1.6793262849e-04,	2.5001870929e+00,	4.9998737579e+02,	5.0001262421e+02,	-5.0496826111e-04
3.2760000000e-01,	1.6788214685e-04,	2.5001871097e+00,	4.9998738339e+02,	5.0001261661e+02,	-5.0466458118e-04
3.2770000000e-01,	1.6783169556e-04,	2.5001871265e+00,	4.9998739097e+02,	5.0001260903e+02,	-5.0436117523e-04
3.2780000000e-01,	1.6778127461e-04,	2.5001871432e+00,	4.9998739855e+02,	5.0001260145e+02,	-5.0405804293e-04
3.2790000000e-01,	1.6773088395e-04,	2.5001871600e+00,	4.9998740612e+02,	5.0001259388e+02,	-5.0375518397e-04
3.2800000000e-01,	1.6768052356e-04,	2.5001871768e+00,	4.9998741368e+02,	5.0001258631e+02,	-5.0345259798e-04
3.2810000000e-01,	1.6763019342e-04,	2.5001871935e+00,	4.9998742124e+02,	5.0001257876e+02,	-5.0315028462e-04
3.2820000000e-01,	1.6757989349e-04,	2.5001872103e+00,	4.9998742879e+02,	5.0001257121e+02,	-5.0284824364e-04
3.2830000000e-01,	1.6752962376e-04,	2.5001872271e+00,	4.9998743634e+02,	5.0001256366e+02,	-5.0254647467e-04
3.2840000000e-01,	1.6747938419e-04,	2.5001872438e+00,	4.9998744388e+02,	5.0001255612e+02,	-5.0224497737e-04
3.2850000000e-01,	1.6742917476e-04,	2.5001872606e+00,	4.9998745141e+02,	5.0001254859e+02,	-5.0194375144e-04
3.2860000000e-01,	1.6737899543e-04,	2.5001872773e+00,	4.9998745893e+02,	5.0001254107e+02,	-5.0164279653e-04
3.2870000000e-01,	1.6732884619e-04,	2.5001872940e+00,	4.9998746645e+02,	5.0001253355e+02,	-5.0134211232e-04
3.2880000000e-01,	1.6727872700e-04,	2.5001873108e+00,	4.9998747396e+02,	5.0001252604e+02,	-5.0104169850e-04
3.2890000000e-01,	1.6722863784e-04,	2.5001873275e+00,	4.9998748146e+02,	5.0001251854e+02,	-5.0074155473e-04
3.2900000000e-01,	1.6717857868e-04,	2.5001873442e+00,	4.9998748896e+02,	5.0001251104e+02,	-5.0044168070e-04
3.2910000000e-01,	1.6712854949e-04,	2.5001873609e+00,	4.9998749645e+02,	5.0001250355e+02,	-5.0014207607e-04
3.2920000000e-01,	1.6707855025e-04,	2.5001873776e+00,	4.9998750393e+02,	5.0001249607e+02,	-4.9984274053e-04
3.2930000000e-01,	1.6702858094e-04,	2.5001873943e+00,	4.9998751141e+02,	5.0001248859e+02,	-4.9954367376e-04
3.2940000000e-01,	1.6697864151e-04,	2.5001874110e+00,	4.9998751888e+02,	5.0001248112e+02,	-4.9924487543e-04
3.2950000000e-01,	1.6692873195e-04,	2.5001874277e+00,	4.9998752634e+02,	5.0001247366e+02,	-4.9894634522e-04
3.2960000000e-01,	1.6687885223e-04,	2.5001874444e+00,	4.9998753380e+02,	5.0001246620e+02,	-4.9864808281e-04
3.2970000000e-01,	1.6682900233e-04,	2.5001874611e+00,	4.9998754125e+02,	5.0001245875e+02,	-4.9835008788e-04
3.2980000000e-01,	1.6677918221e-04,	2.5001874778e+00,	4.9998754869e+02,	5.0001245131e+02,	-4.9805236011e-04
3.2990000000e-01,	1.6672939185e-04,	2.5001874945e+00,	4.9998755613e+02,	5.0001244387e+02,	-4.9775489918e-04
3.3000000000e-01,	1.6667963122e-04,	2.5001875111e+00,	4.9998756356e+02,	5.0001243644e+02,	-4.9745770477e-04
3.3010000000e-01,	1.6662990030e-04,	2.5001875278e+00,	4.9998757098e+02,	5.0001242902e+02,	-4.9716077656e-04
3.3020000000e-01,	1.6658019905e-04,	2.5001875445e+00,	4.9998757840e+02,	5.0001242160e+02,	-4.9686411425e-04
3.3030000000e-01,	1.6653052746e-04,	2.5001875611e+00,	4.9998758581e+02,	5.0001241419e+02,	-4.9656771750e-04
3.3040000000e-01,	1.6648088550e-04,	2.5001875778e+00,	4.9998759321e+02,	5.0001240679e+02,	-4.9627158600e-04
3.3050000000e-01,	1.6643127314e-04,	2.5001875944e+00,	4.9998760061e+02,	5.0001239939e+02,	-4.9597571943e-04
3.3060000000e-01,	1.6638169035e-04,	2.5001876111e+00,	4.9998760800e+02,	5.0001239200e+02,	-4.9568011748e-04
3.3070000000e-01,	1.6633213711e-04,	2.5001876277e+00,	4.9998761538e+02,	5.0001238462e+02,	-4.9538477984e-04
3.3080000000e-01,	1.6628261338e-04,	2.5001876443e+00,	4.9998762276e+02,	5.0001237724e+02,	-4.9508970618e-04
3.3090000000e-01,	1.6623311916e-04,	2.5001876610e+00,	4.9998763013e+02,	5.0001236987e+02,	-4.9479489620e-04
3.3100000000e-01,	1.6618365440e-04,	2.5001876776e+00,	4.9998763749e+02,	5.0001236251e+02,	-4.9450034957e-04
3.3110000000e-01,	1.6613421908e-04,	2.5001876942e+00,	4.9998764485e+02,	5.0001235515e+02,	-4.9420606599e-04
3.3120000000e-01,	1.6608481317e-04,	2.5001877108e+00,	4.9998765220e+02,	5.0001234780e+02,	-4.9391204514e-04
3.3130000000e-01,	1.6603543666e-04,	2.5001877274e+00,	4.9998765954e+02,	5.0001234046e+02,	-4.9361828671e-04
3.3140000000e-01,	1.6598608951e-04,	2.5001877440e+00,	4.9998766688e+02,	5.0001233312e+02,	-4.9332479039e-04
3.3150000000e-01,	1.6593677169e-04,	2.5001877606e+00,	4.9998767421e+02,	5.0001232579e+02,	-4.9303155585e-04
3.3160000000e-01,	1.6588748319e-04,	2.5001877772e+00,	4.9998768154e+02,	5.0001231846e+02,	-4.9273858280e-04
3.3170000000e-01,	1.6583822397e-04,	2.5001877938e+00,	4.9998768885e+02,	5.0001231115e+02,	-4.9244587094e-04
3.3180000000e-01,	1.6578899400e-04,	2.5001878104e+00,	4.9998769616e+02,	5.0001230384e+02,	-4.9215341993e-04
3.3190000000e-01,	1.6573979327e-04,	2.5001878269e+00,	4.9998770347e+02,	5.0001229653e+02,	-4.9186122947e-04
3.3200000000e-01,	1.6569062175e-04,	2.5001878435e+00,	4.9998771077e+02,	5.0001228923e+02,	-4.9156929925e-04
3.3210000000e-01,	1.6564147941e-04,	2.5001878601e+00,	4.9998771806e+02,	5.0001228194e+02,	-4.9127762897e-04
3.3220000000e-01,	1.6559236622e-04,	2.5001878766e+00,	4.9998772534e+02,	5.0001227466e+02,	-4.9098621831e-04
3.3230000000e-01,	1.6554328215e-04,	2.5001878932e+00,	4.9998773262e+02,	5.0001226738e+02,	-4.9069506697e-04
3.3240000000e-01,	1.6549422719e-04,	2.5001879097e+00,	4.9998773990e+02,	5.0001226010e+02,	-4.9040417464e-04
3.3250000000e-01,	1.6544520131e-04,	2.5001879263e+00,	4.9998774716e+02,	5.0001225284e+02,	-4.9011354101e-04
3.3260000000e-01,	1.6539620448e-04,	2.5001879428e+00,	4.9998775442e+02,	5.0001224558e+02,	-4.8982316576e-04
3.3270000000e-01,	1.6534723667e-04,	2.5001879594e+00,	4.9998776167e+02,	5.0001223833e+02,	-4.8953304862e-04
3.3280000000e-01,	1.6529829786e-04,	2.5001879759e+00,	4.9998776892e+02,	5.0001223108e+02,	-4.8924318924e-04
3.3290000000e-01,	1.6524938802e-04,	2.5001879924e+00,	4.9998777616e+02,	5.0001222384e+02,	-4.8895358736e-04
3.3300000000e-01,	1.6520050713e-04,	2.5001880090e+00,	4.9998778339e+02,	5.0001221661e+02,	-4.8866424264e-04
3.3310000000e-01,	1.6515165517e-04,	2.5001880255e+00,	4.9998779062e+02,	5.0001220938e+02,	-4.8837515480e-04
3.3320000000e-01,	1.6510283209e-04,	2.5001880420e+00,	4.9998779784e+02,	5.0001220216e+02,	-4.8808632351e-04
3.3330000000e-01,	1.6505403789e-04,	2.5001880585e+00,	4.9998780506e+02,	5.0001219494e+02,	-4.8779774848e-04
3.3340000000e-01,	1.6500527254e-04,	2.5001880750e+00,	4.9998781226e+02,	5.0001218774e+02,	-4.8750942941e-04
3.3350000000e-01,	1.6495653600e-04,	2.5001880915e+00,	4.9998781947e+02,	5.0001218053e+02,	-4.8722136599e-04
3.3360000000e-01,	1.6490782825e-04,	2.5001881080e+00,	4.9998782666e+02,	5.0001217334e+02,	-4.8693355793e-04
3.3370000000e-01,	1.6485914928e-04,	2.5001881245e+00,	4.9998783385e+02,	5.0001216615e+02,	-4.8664600491e-04
3.3380000000e-01,	1.6481049904e-04,	2.5001881410e+00,	4.9998784103e+02,	5.0001215897e+02,	-4.8635870665e-04
3.3390000000e-01,	1.6476187753e-04,	2.5001881574e+00,	4.9998784821e+02,	5.0001215179e+02,	-4.8607166283e-04
3.3400000000e-01,	1.6471328470e-04,	2.5001881739e+00,	4.9998785538e+02,	5.0001214462e+02,	-4.8578487316e-04
3.3410000000e-01,	1.6466472054e-04,	2.5001881904e+00,	4.9998786254e+02,	5.0001213746e+02,	-4.8549833733e-04
3.3420000000e-01,	1.6461618503e-04,	2.5001882068e+00,	4.9998786970e+02,	5.0001213030e+02,	-4.8521205506e-04
3.3430000000e-01,	1.6456767812e-04,	2.5001882233e+00,	4.9998787685e+02,	5.0001212315e+02,	-4.8492602603e-04
3.3440000000e-01,	1.6451919981e-04,	2.5001882398e+00,	4.9998788399e+02,	5.0001211601e+02,	-4.8464024994e-04
3.3450000000e-01,	1.6447075007e-04,	2.5001882562e+00,	4.9998789113e+02,	5.0001210887e+02,	-4.8435472651e-04
3.3460000000e-01,	1.6442232886e-04,	2.5001882727e+00,	4.9998789826e+02,	5.0001210174e+02,	-4.8406945544e-04
3.3470000000e-01,	1.6437393617e-04,	2.5001882891e+00,	4.9998790539e+02,	5.0001209461e+02,	-4.8378443641e-04
3.3480000000e-01,	1.6432557196e-04,	2.5001883055e+00,	4.9998791251e+02,	5.0001208749e+02,	-4.8349966915e-04
3.3490000000e-01,	1.6427723622e-04,	2.5001883220e+00,	4.9998791962e+02,	5.0001208038e+02,	-4.8321515335e-04
3.3500000000e-01,	1.6422892892e-04,	2.5001883384e+00,	4.9998792673e+02,	5.0001207327e+02,	-4.8293088872e-04
3.3510000000e-01,	1.6418065004e-04,	2.5001883548e+00,	4.9998793383e+02,	5.0001206617e+02,	-4.8264687496e-04
3.3520000000e-01,	1.6413239954e-04,	2.5001883712e+00,	4.9998794092e+02,	5.0001205908e+02,	-4.8236311176e-04
3.3530000000e-01,	1.6408417741e-04,	2.5001883876e+00,	4.9998794801e+02,	5.0001205199e+02,	-4.8207959885e-04
3.3540000000e-01,	1.6403598361e-04,	2.5001884040e+00,	4.9998795509e+02,	5.0001204491e+02,	-4.8179633592e-04
3.3550000000e-01,	1.6398781813e-04,	2.5001884204e+00,	4.9998796217e+02,	5.0001203783e+02,	-4.8151332269e-04
3.3560000000e-01,	1.6393968094e-04,	2.5001884368e+00,	4.9998796924e+02,	5.0001203076e+02,	-4.8123055886e-04
3.3570000000e-01,	1.6389157201e-04,	2.5001884532e+00,	4.9998797630e+02,	5.0001202370e+02,	-4.8094804414e-04
3.3580000000e-01,	1.6384349132e-04,	2.5001884696e+00,	4.9998798336e+02,	5.0001201664e+02,	-4.8066577823e-04
3.3590000000e-01,	1.6379543885e-04,	2.5001884860e+00,	4.9998799041e+02,	5.0001200959e+02,	-4.8038376083e-04
3.3600000000e-01,	1.6374741456e-04,	2.5001885024e+00,	4.9998799745e+02,	5.0001200255e+02,	-4.8010199167e-04
3.3610000000e-01,	1.6369941844e-04,	2.5001885187e+00,	4.9998800449e+02,	5.0001199551e+02,	-4.7982047044e-04
3.3620000000e-01,	1.6365145046e-04,	2.5001885351e+00,	4.9998801152e+02,	5.0001198848e+02,	-4.7953919687e-04
3.3630000000e-01,	1.6360351059e-04,	2.5001885515e+00,	4.9998801855e+02,	5.0001198145e+02,	-4.7925817064e-04
3.3640000000e-01,	1.6355559882e-04,	2.5001885678e+00,	4.9998802557e+02,	5.0001197443e+02,	-4.7897739149e-04
3.3650000000e-01,	1.6350771511e-04,	2.5001885842e+00,	4.9998803258e+02,	5.0001196742e+02,	-4.7869685910e-04
3.3660000000e-01,	1.6345985944e-04,	2.5001886005e+00,	4.9998803959e+02,	5.0001196041e+02,	-4.7841657321e-04
3.3670000000e-01,	1.6341203178e-04,	2.5001886169e+00,	4.9998804659e+02,	5.0001195341e+02,	-4.7813653351e-04
3.3680000000e-01,	1.6336423212e-04,	2.5001886332e+00,	4.9998805358e+02,	5.0001194642e+02,	-4.7785673973e-04
3.3690000000e-01,	1.6331646043e-04,	2.5001886495e+00,	4.9998806057e+02,	5.0001193943e+02,	-4.7757719156e-04
3.3700000000e-01,	1.6326871668e-04,	2.5001886659e+00,	4.9998806755e+02,	5.0001193245e+02,	-4.7729788873e-04
3.3710000000e-01,	1.6322100084e-04,	2.5001886822e+00,	4.9998807453e+02,	5.0001192547e+02,	-4.7701883095e-04
3.3720000000e-01,	1.6317331290e-04,	2.5001886985e+00,	4.9998808150e+02,	5.0001191850e+02,	-4.7674001793e-04
3.3730000000e-01,	1.6312565283e-04,	2.5001887148e+00,	4.9998808846e+02,	5.0001191154e+02,	-4.7646144938e-04
3.3740000000e-01,	1.6307802060e-04,	2.5001887311e+00,	4.9998809542e+02,	5.0001190458e+02,	-4.7618312503e-04
3.3750000000e-01,	1.6303041620e-04,	2.5001887475e+00,	4.9998810237e+02,	5.0001189763e+02,	-4.7590504457e-04
3.3760000000e-01,	1.6298283959e-04,	2.5001887638e+00,	4.9998810932e+02,	5.0001189068e+02,	-4.7562720773e-04
3.3770000000e-01,	1.6293529075e-04,	2.5001887800e+00,	4.9998811626e+02,	5.0001188374e+02,	-4.7534961423e-04
3.3780000000e-01,	1.6288776966e-04,	2.5001887963e+00,	4.9998812319e+02,	5.0001187681e+02,	-4.7507226377e-04
3.3790000000e-01,	1.6284027629e-04,	2.5001888126e+00,	4.9998813012e+02,	5.0001186988e+02,	-4.7479515609e-04
3.3800000000e-01,	1.6279281062e-04,	2.5001888289e+00,	4.9998813704e+02,	5.0001186296e+02,	-4.7451829088e-04
3.3810000000e-01,	1.6274537262e-04,	2.5001888452e+00,	4.9998814396e+02,	5.0001185604e+02,	-4.7424166787e-04
3.3820000000e-01,	1.6269796228e-04,	2.5001888615e+00,	4.9998815087e+02,	5.0001184913e+02,	-4.7396528678e-04
3.3830000000e-01,	1.6265057956e-04,	2.5001888777e+00,	4.9998815777e+02,	5.0001184223e+02,	-4.7368914732e-04
3.3840000000e-01,	1.6260322444e-04,	2.5001888940e+00,	4.9998816467e+02,	5.0001183533e+02,	-4.7341324922e-04
3.3850000000e-01,	1.6255589690e-04,	2.5001889102e+00,	4.9998817156e+02,	5.0001182844e+02,	-4.7313759219e-04
3.3860000000e-01,	1.6250859691e-04,	2.5001889265e+00,	4.9998817845e+02,	5.0001182155e+02,	-4.7286217594e-04
3.3870000000e-01,	1.6246132445e-04,	2.5001889427e+00,	4.9998818532e+02,	5.0001181467e+02,	-4.7258700021e-04
3.3880000000e-01,	1.6241407950e-04,	2.5001889590e+00,	4.9998819220e+02,	5.0001180780e+02,	-4.7231206471e-04
3.3890000000e-01,	1.6236686203e-04,	2.5001889752e+00,	4.9998819907e+02,	5.0001180093e+02,	-4.7203736916e-04
3.3900000000e-01,	1.6231967202e-04,	2.5001889915e+00,	4.9998820593e+02,	5.0001179407e+02,	-4.7176291328e-04
3.3910000000e-01,	1.6227250944e-04,	2.5001890077e+00,	4.9998821278e+02,	5.0001178722e+02,	-4.7148869680e-04
3.3920000000e-01,	1.6222537427e-04,	2.5001890239e+00,	4.9998821963e+02,	5.0001178037e+02,	-4.7121471942e-04
3.3930000000e-01,	1.6217826649e-04,	2.5001890401e+00,	4.9998822648e+02,	5.0001177352e+02,	-4.7094098087e-04
3.3940000000e-01,	1.6213118607e-04,	2.5001890564e+00,	4.9998823331e+02,	5.0001176669e+02,	-4.7066748090e-04
3.3950000000e-01,	1.6208413299e-04,	2.5001890726e+00,	4.9998824014e+02,	5.0001175986e+02,	-4.7039421921e-04
3.3960000000e-01,	1.6203710722e-04,	2.5001890888e+00,	4.9998824697e+02,	5.0001175303e+02,	-4.7012119551e-04
3.3970000000e-01,	1.6199010874e-04,	2.5001891050e+00,	4.9998825379e+02,	5.0001174621e+02,	-4.6984840955e-04
3.3980000000e-01,	1.6194313753e-04,	2.5001891212e+00,	4.9998826060e+02,	5.0001173940e+02,	-4.6957586103e-04
3.3990000000e-01,	1.6189619356e-04,	2.5001891374e+00,	4.9998826741e+02,	5.0001173259e+02,	-4.6930354970e-04
3.4000000000e-01,	1.6184927681e-04,	2.5001891535e+00,	4.9998827421e+02,	5.0001172579e+02,	-4.6903147526e-04
3.4010000000e-01,	1.6180238726e-04,	2.5001891697e+00,	4.9998828101e+02,	5.0001171899e+02,	-4.6875963744e-04
3.4020000000e-01,	1.6175552488e-04,	2.5001891859e+00,	4.9998828780e+02,	5.0001171220e+02,	-4.6848803599e-04
3.4030000000e-01,	1.6170868964e-04,	2.5001892021e+00,	4.9998829458e+02,	5.0001170542e+02,	-4.6821667061e-04
3.4040000000e-01,	1.6166188153e-04,	2.5001892182e+00,	4.9998830136e+02,	5.0001169864e+02,	-4.6794554103e-04
3.4050000000e-01,	1.6161510053e-04,	2.5001892344e+00,	4.9998830813e+02,	5.0001169187e+02,	-4.6767464698e-04
3.4060000000e-01,	1.6156834660e-04,	2.5001892506e+00,	4.9998831490e+02,	5.0001168510e+02,	-4.6740398819e-04
3.4070000000e-01,	1.6152161972e-04,	2.5001892667e+00,	4.9998832166e+02,	5.0001167834e+02,	-4.6713356438e-04
3.4080000000e-01,	1.6147491988e-04,	2.5001892829e+00,	4.9998832842e+02,	5.0001167158e+02,	-4.6686337529e-04
3.4090000000e-01,	1.6142824704e-04,	2.5001892990e+00,	4.9998833516e+02,	5.0001166484e+02,	-4.6659342065e-04
3.4100000000e-01,	1.6138160118e-04,	2.5001893152e+00,	4.9998834191e+02,	5.0001165809e+02,	-4.6632370017e-04
3.4110000000e-01,	1.6133498229e-04,	2.5001893313e+00,	4.9998834864e+02,	5.0001165136e+02,	-4.6605421359e-04
3.4120000000e-01,	1.6128839033e-04,	2.5001893474e+00,	4.9998835538e+02,	5.0001164462e+02,	-4.6578496064e-04
3.4130000000e-01,	1.6124182529e-04,	2.5001893636e+00,	4.9998836210e+02,	5.0001163790e+02,	-4.6551594105e-04
3.4140000000e-01,	1.6119528714e-04,	2.5001893797e+00,	4.9998836882e+02,	5.0001163118e+02,	-4.6524715455e-04
3.4150000000e-01,	1.6114877585e-04,	2.5001893958e+00,	4.9998837553e+02,	5.0001162446e+02,	-4.6497860087e-04
3.4160000000e-01,	1.6110229141e-04,	2.5001894119e+00,	4.9998838224e+02,	5.0001161776e+02,	-4.6471027974e-04
3.4170000000e-01,	1.6105583379e-04,	2.5001894280e+00,	4.9998838895e+02,	5.0001161105e+02,	-4.6444219089e-04
3.4180000000e-01,	1.6100940296e-04,	2.5001894441e+00,	4.9998839564e+02,	5.0001160436e+02,	-4.6417433406e-04
3.4190000000e-01,	1.6096299891e-04,	2.5001894602e+00,	4.9998840233e+02,	5.0001159767e+02,	-4.6390670897e-04
3.4200000000e-01,	1.6091662161e-04,	2.5001894763e+00,	4.9998840902e+02,	5.0001159098e+02,	-4.6363931537e-04
3.4210000000e-01,	1.6087027104e-04,	2.5001894924e+00,	4.9998841570e+02,	5.0001158430e+02,	-4.6337215297e-04
3.4220000000e-01,	1.6082394718e-04,	2.5001895085e+00,	4.9998842237e+02,	5.0001157763e+02,	-4.6310522153e-04
3.4230000000e-01,	1.6077764999e-04,	2.5001895246e+00,	4.9998842904e+02,	5.0001157096e+02,	-4.6283852076e-04
3.4240000000e-01,	1.6073137946e-04,	2.5001895406e+00,	4.9998843570e+02,	5.0001156430e+02,	-4.6257205040e-04
3.4250000000e-01,	1.6068513557e-04,	2.5001895567e+00,	4.9998844235e+02,	5.0001155765e+02,	-4.6230581019e-04
3.4260000000e-01,	1.6063891829e-04,	2.5001895728e+00,	4.9998844900e+02,	5.0001155099e+02,	-4.6203979987e-04
3.4270000000e-01,	1.6059272760e-04,	2.5001895888e+00,	4.9998845565e+02,	5.0001154435e+02,	-4.6177401916e-04
3.4280000000e-01,	1.6054656348e-04,	2.5001896049e+00,	4.9998846229e+02,	5.0001153771e+02,	-4.6150846782e-04
3.4290000000e-01,	1.6050042590e-04,	2.5001896209e+00,	4.9998846892e+02,	5.0001153108e+02,	-4.6124314555e-04
3.4300000000e-01,	1.6045431485e-04,	2.5001896370e+00,	4.9998847555e+02,	5.0001152445e+02,	-4.6097805212e-04
3.4310000000e-01,	1.6040823029e-04,	2.5001896530e+00,	4.9998848217e+02,	5.0001151783e+02,	-4.6071318725e-04
3.4320000000e-01,	1.6036217220e-04,	2.5001896691e+00,	4.9998848879e+02,	5.0001151121e+02,	-4.6044855068e-04
3.4330000000e-01,	1.6031614057e-04,	2.5001896851e+00,	4.9998849540e+02,	5.0001150460e+02,	-4.6018414216e-04
3.4340000000e-01,	1.6027013536e-04,	2.5001897011e+00,	4.9998850200e+02,	5.0001149800e+02,	-4.5991996140e-04
3.4350000000e-01,	1.6022415657e-04,	2.5001897172e+00,	4.9998850860e+02,	5.0001149140e+02,	-4.5965600812e-04
3.4360000000e-01,	1.6017820416e-04,	2.5001897332e+00,	4.9998851519e+02,	5.0001148481e+02,	-4.5939228214e-04
3.4370000000e-01,	1.6013227810e-04,	2.5001897492e+00,	4.9998852178e+02,	5.0001147822e+02,	-4.5912878315e-04
3.4380000000e-01,	1.6008637839e-04,	2.5001897652e+00,	4.9998852836e+02,	5.0001147164e+02,	-4.5886551090e-04
3.4390000000e-01,	1.6004050499e-04,	2.5001897812e+00,	4.9998853494e+02,	5.0001146506e+02,	-4.5860246511e-04
3.4400000000e-01,	1.5999465789e-04,	2.5001897972e+00,	4.9998854151e+02,	5.0001145849e+02,	-4.5833964553e-04
3.4410000000e-01,	1.5994883706e-04,	2.5001898132e+00,	4.9998854807e+02,	5.0001145193e+02,	-4.5807705191e-04
3.4420000000e-01,	1.5990304247e-04,	2.5001898292e+00,	4.9998855463e+02,	5.0001144537e+02,	-4.5781468398e-04
3.4430000000e-01,	1.5985727411e-04,	2.5001898452e+00,	4.9998856119e+02,	5.0001143881e+02,	-4.5755254148e-04
3.4440000000e-01,	1.5981153196e-04,	2.5001898612e+00,	4.9998856773e+02,	5.0001143227e+02,	-4.5729062416e-04
3.4450000000e-01,	1.5976581598e-04,	2.5001898772e+00,	4.9998857428e+02,	5.0001142572e+02,	-4.5702893175e-04
3.4460000000e-01,	1.5972012616e-04,	2.5001898931e+00,	4.9998858081e+02,	5.0001141919e+02,	-4.5676746402e-04
3.4470000000e-01,	1.5967446248e-04,	2.5001899091e+00,	4.9998858734e+02,	5.0001141266e+02,	-4.5650622068e-04
3.4480000000e-01,	1.5962882491e-04,	2.5001899251e+00,	4.9998859387e+02,	5.0001140613e+02,	-4.5624520149e-04
3.4490000000e-01,	1.5958321343e-04,	2.5001899410e+00,	4.9998860039e+02,	5.0001139961e+02,	-4.5598440619e-04
3.4500000000e-01,	1.5953762802e-04,	2.5001899570e+00,	4.9998860690e+02,	5.0001139310e+02,	-4.5572383453e-04
3.4510000000e-01,	1.5949206866e-04,	2.5001899729e+00,	4.9998861341e+02,	5.0001138659e+02,	-4.5546348624e-04
3.4520000000e-01,	1.5944653532e-04,	2.5001899889e+00,	4.9998861992e+02,	5.0001138008e+02,	-4.5520336108e-04
3.4530000000e-01,	1.5940102798e-04,	2.5001900048e+00,	4.9998862641e+02,	5.0001137359e+02,	-4.5494345878e-04
3.4540000000e-01,	1.5935554662e-04,	2.5001900208e+00,	4.9998863291e+02,	5.0001136709e+02,	-4.5468377910e-04
3.4550000000e-01,	1.5931009122e-04,	2.5001900367e+00,	4.9998863939e+02,	5.0001136061e+02,	-4.5442432178e-04
3.4560000000e-01,	1.5926466175e-04,	2.5001900526e+00,	4.9998864587e+02,	5.0001135413e+02,	-4.5416508657e-04
3.4570000000e-01,	1.5921925819e-04,	2.5001900686e+00,	4.9998865235e+02,	5.0001134765e+02,	-4.5390607321e-04
3.4580000000e-01,	1.5917388053e-04,	2.5001900845e+00,	4.9998865882e+02,	5.0001134118e+02,	-4.5364728145e-04
3.4590000000e-01,	1.5912852873e-04,	2.5001901004e+00,	4.9998866528e+02,	5.0001133472e+02,	-4.5338871103e-04
3.4600000000e-01,	1.5908320278e-04,	2.5001901163e+00,	4.9998867174e+02,	5.0001132826e+02,	-4.5313036171e-04
3.4610000000e-01,	1.5903790265e-04,	2.5001901322e+00,	4.9998867819e+02,	5.0001132181e+02,	-4.5287223323e-04
3.4620000000e-01,	1.5899262832e-04,	2.5001901481e+00,	4.9998868464e+02,	5.0001131536e+02,	-4.5261432533e-04
3.4630000000e-01,	1.5894737978e-04,	2.5001901640e+00,	4.9998869108e+02,	5.0001130892e+02,	-4.5235663778e-04
3.4640000000e-01,	1.5890215699e-04,	2.5001901799e+00,	4.9998869752e+02,	5.0001130248e+02,	-4.5209917032e-04
3.4650000000e-01,	1.5885695993e-04,	2.5001901958e+00,	4.9998870395e+02,	5.0001129605e+02,	-4.5184192268e-04
3.4660000000e-01,	1.5881178859e-04,	2.5001902117e+00,	4.9998871038e+02,	5.0001128962e+02,	-4.5158489464e-04
3.4670000000e-01,	1.5876664295e-04,	2.5001902275e+00,	4.9998871680e+02,	5.0001128320e+02,	-4.5132808594e-04
3.4680000000e-01,	1.5872152297e-04,	2.5001902434e+00,	4.9998872321e+02,	5.0001127679e+02,	-4.5107149633e-04
3.4690000000e-01,	1.5867642864e-04,	2.5001902593e+00,	4.9998872962e+02,	5.0001127038e+02,	-4.5081512554e-04
3.4700000000e-01,	1.5863135994e-04,	2.5001902752e+00,	4.9998873603e+02,	5.0001126397e+02,	-4.5055897335e-04
3.4710000000e-01,	1.5858631684e-04,	2.5001902910e+00,	4.9998874242e+02,	5.0001125758e+02,	-4.5030303950e-04
3.4720000000e-01,	1.5854129932e-04,	2.5001903069e+00,	4.9998874882e+02,	5.0001125118e+02,	-4.5004732374e-04
3.4730000000e-01,	1.5849630737e-04,	2.5001903227e+00,	4.9998875520e+02,	5.0001124480e+02,	-4.4979182583e-04
3.4740000000e-01,	1.5845134095e-04,	2.5001903386e+00,	4.9998876159e+02,	5.0001123841e+02,	-4.4953654551e-04
3.4750000000e-01,	1.5840640005e-04,	2.5001903544e+00,	4.9998876796e+02,	5.0001123204e+02,	-4.4928148255e-04
3.4760000000e-01,	1.5836148465e-04,	2.5001903703e+00,	4.9998877433e+02,	5.0001122567e+02,	-4.4902663668e-04
3.4770000000e-01,	1.5831659472e-04,	2.5001903861e+00,	4.9998878070e+02,	5.0001121930e+02,	-4.4877200768e-04
3.4780000000e-01,	1.5827173024e-04,	2.5001904019e+00,	4.9998878706e+02,	5.0001121294e+02,	-4.4851759528e-04
3.4790000000e-01,	1.5822689119e-04,	2.5001904177e+00,	4.9998879341e+02,	5.0001120658e+02,	-4.4826339926e-04
3.4800000000e-01,	1.5818207755e-04,	2.5001904336e+00,	4.9998879976e+02,	5.0001120024e+02,	-4.4800941934e-04
3.4810000000e-01,	1.5813728930e-04,	2.5001904494e+00,	4.9998880611e+02,	5.0001119389e+02,	-4.4775565529e-04
3.4820000000e-01,	1.5809252641e-04,	2.5001904652e+00,	4.9998881245e+02,	5.0001118755e+02,	-4.4750210689e-04
3.4830000000e-01,	1.5804778887e-04,	2.5001904810e+00,	4.9998881878e+02,	5.0001118122e+02,	-4.4724877386e-04
3.4840000000e-01,	1.5800307665e-04,	2.5001904968e+00,	4.9998882511e+02,	5.0001117489e+02,	-4.4699565598e-04
3.4850000000e-01,	1.5795838973e-04,	2.5001905126e+00,	4.9998883143e+02,	5.0001116857e+02,	-4.4674275300e-04
3.4860000000e-01,	1.5791372809e-04,	2.5001905284e+00,	4.9998883775e+02,	5.0001116225e+02,	-4.4649006468e-04
3.4870000000e-01,	1.5786909171e-04,	2.5001905442e+00,	4.9998884406e+02,	5.0001115594e+02,	-4.4623759076e-04
3.4880000000e-01,	1.5782448057e-04,	2.5001905600e+00,	4.9998885037e+02,	5.0001114963e+02,	-4.4598533101e-04
3.4890000000e-01,	1.5777989464e-04,	2.5001905757e+00,	4.9998885667e+02,	5.0001114333e+02,	-4.4573328519e-04
3.4900000000e-01,	1.5773533390e-04,	2.5001905915e+00,	4.9998886296e+02,	5.0001113704e+02,	-4.4548145305e-04
3.4910000000e-01,	1.5769079834e-04,	2.5001906073e+00,	4.9998886925e+02,	5.0001113075e+02,	-4.4522983436e-04
3.4920000000e-01,	1.5764628793e-04,	2.5001906231e+00,	4.9998887554e+02,	5.0001112446e+02,	-4.4497842887e-04
3.4930000000e-01,	1.5760180265e-04,	2.5001906388e+00,	4.9998888182e+02,	5.0001111818e+02,	-4.4472723634e-04
3.4940000000e-01,	1.5755734248e-04,	2.5001906546e+00,	4.9998888809e+02,	5.0001111191e+02,	-4.4447625653e-04
3.4950000000e-01,	1.5751290739e-04,	2.5001906703e+00,	4.9998889436e+02,	5.0001110564e+02,	-4.4422548921e-04
3.4960000000e-01,	1.5746849737e-04,	2.5001906861e+00,	4.9998890063e+02,	5.0001109937e+02,	-4.4397493411e-04
3.4970000000e-01,	1.5742411240e-04,	2.5001907018e+00,	4.9998890689e+02,	5.0001109311e+02,	-4.4372459103e-04
3.4980000000e-01,	1.5737975244e-04,	2.5001907176e+00,	4.9998891314e+02,	5.0001108686e+02,	-4.4347445970e-04
3.4990000000e-01,	1.5733541750e-04,	2.5001907333e+00,	4.9998891939e+02,	5.0001108061e+02,	-4.4322453990e-04
3.5000000000e-01,	1.5729110753e-04,	2.5001907490e+00,	4.9998892563e+02,	5.0001107437e+02,	-4.4297483139e-04
3.5010000000e-01,	1.5724682252e-04,	2.5001907648e+00,	4.9998893187e+02,	5.0001106813e+02,	-4.4272533392e-04
3.5020000000e-01,	1.5720256246e-04,	2.5001907805e+00,	4.9998893810e+02,	5.0001106190e+02,	-4.4247604725e-04
3.5030000000e-01,	1.5715832731e-04,	2.5001907962e+00,	4.9998894433e+02,	5.0001105567e+02,	-4.4222697117e-04
3.5040000000e-01,	1.5711411705e-04,	2.5001908119e+00,	4.9998895055e+02,	5.0001104945e+02,	-4.4197810540e-04
3.5050000000e-01,	1.5706993168e-04,	2.5001908276e+00,	4.9998895676e+02,	5.0001104324e+02,	-4.4172944974e-04
3.5060000000e-01,	1.5702577116e-04,	2.5001908433e+00,	4.9998896297e+02,	5.0001103702e+02,	-4.4148100394e-04
3.5070000000e-01,	1.5698163547e-04,	2.5001908590e+00,	4.9998896918e+02,	5.0001103082e+02,	-4.4123276776e-04
3.5080000000e-01,	1.5693752460e-04,	2.5001908747e+00,	4.9998897538e+02,	5.0001102462e+02,	-4.4098474098e-04
3.5090000000e-01,	1.5689343852e-04,	2.5001908904e+00,	4.9998898158e+02,	5.0001101842e+02,	-4.4073692334e-04
3.5100000000e-01,	1.5684937721e-04,	2.5001909061e+00,	4.9998898777e+02,	5.0001101223e+02,	-4.4048931462e-04
3.5110000000e-01,	1.5680534065e-04,	2.5001909218e+00,	4.9998899395e+02,	5.0001100605e+02,	-4.4024191459e-04
3.5120000000e-01,	1.5676132882e-04,	2.5001909375e+00,	4.9998900013e+02,	5.0001099987e+02,	-4.3999472300e-04
3.5130000000e-01,	1.5671734169e-04,	2.5001909531e+00,	4.9998900631e+02,	5.0001099369e+02,	-4.3974773962e-04
3.5140000000e-01,	1.5667337926e-04,	2.5001909688e+00,	4.9998901248e+02,	5.0001098752e+02,	-4.3950096423e-04
3.5150000000e-01,	1.5662944149e-04,	2.5001909845e+00,	4.9998901864e+02,	5.0001098136e+02,	-4.3925439659e-04
3.5160000000e-01,	1.5658552837e-04,	2.5001910001e+00,	4.9998902480e+02,	5.0001097520e+02,	-4.3900803645e-04
3.5170000000e-01,	1.5654163988e-04,	2.5001910158e+00,	4.9998903095e+02,	5.0001096905e+02,	-4.3876188360e-04
3.5180000000e-01,	1.5649777599e-04,	2.5001910314e+00,	4.9998903710e+02,	5.0001096290e+02,	-4.3851593780e-04
3.5190000000e-01,	1.5645393669e-04,	2.5001910471e+00,	4.9998904324e+02,	5.0001095675e+02,	-4.3827019880e-04
3.5200000000e-01,	1.5641012194e-04,	2.5001910627e+00,	4.9998904938e+02,	5.0001095062e+02,	-4.3802466640e-04
3.5210000000e-01,	1.5636633175e-04,	2.5001910784e+00,	4.9998905552e+02,	5.0001094448e+02,	-4.3777934035e-04
3.5220000000e-01,	1.5632256607e-04,	2.5001910940e+00,	4.9998906164e+02,	5.0001093836e+02,	-4.3753422042e-04
3.5230000000e-01,	1.5627882489e-04,	2.5001911096e+00,	4.9998906777e+02,	5.0001093223e+02,	-4.3728930638e-04
3.5240000000e-01,	1.5623510820e-04,	2.5001911253e+00,	4.9998907388e+02,	5.0001092611e+02,	-4.3704459799e-04
3.5250000000e-01,	1.5619141597e-04,	2.5001911409e+00,	4.9998908000e+02,	5.0001092000e+02,	-4.3680009504e-04
3.5260000000e-01,	1.5614774818e-04,	2.5001911565e+00,	4.9998908610e+02,	5.0001091389e+02,	-4.3655579729e-04
3.5270000000e-01,	1.5610410480e-04,	2.5001911721e+00,	4.9998909221e+02,	5.0001090779e+02,	-4.3631170450e-04
3.5280000000e-01,	1.5606048583e-04,	2.5001911877e+00,	4.9998909830e+02,	5.0001090170e+02,	-4.3606781645e-04
3.5290000000e-01,	1.5601689123e-04,	2.5001912033e+00,	4.9998910440e+02,	5.0001089560e+02,	-4.3582413291e-04
3.5300000000e-01,	1.5597332099e-04,	2.5001912189e+00,	4.9998911048e+02,	5.0001088952e+02,	-4.3558065367e-04
3.5310000000e-01,	1.5592977509e-04,	2.5001912345e+00,	4.9998911657e+02,	5.0001088343e+02,	-4.3533737847e-04
3.5320000000e-01,	1.5588625351e-04,	2.5001912501e+00,	4.9998912264e+02,	5.0001087736e+02,	-4.3509430710e-04
3.5330000000e-01,	1.5584275623e-04,	2.5001912657e+00,	4.9998912871e+02,	5.0001087129e+02,	-4.3485143934e-04
3.5340000000e-01,	1.5579928322e-04,	2.5001912813e+00,	4.9998913478e+02,	5.0001086522e+02,	-4.3460877494e-04
3.5350000000e-01,	1.5575583446e-04,	2.5001912969e+00,	4.9998914084e+02,	5.0001085916e+02,	-4.3436631368e-04
3.5360000000e-01,	1.5571240995e-04,	2.5001913124e+00,	4.9998914690e+02,	5.0001085310e+02,	-4.3412405534e-04
3.5370000000e-01,	1.5566900965e-04,	2.5001913280e+00,	4.9998915295e+02,	5.0001084705e+02,	-4.3388199969e-04
3.5380000000e-01,	1.5562563354e-04,	2.5001913436e+00,	4.9998915900e+02,	5.0001084100e+02,	-4.3364014651e-04
3.5390000000e-01,	1.5558228161e-04,	2.5001913591e+00,	4.9998916504e+02,	5.0001083496e+02,	-4.3339849557e-04
3.5400000000e-01,	1.5553895384e-04,	2.5001913747e+00,	4.9998917107e+02,	5.0001082893e+02,	-4.3315704664e-04
3.5410000000e-01,	1.5549565019e-04,	2.5001913902e+00,	4.9998917710e+02,	5.0001082289e+02,	-4.3291579949e-04
3.5420000000e-01,	1.5545237067e-04,	2.5001914058e+00,	4.9998918313e+02,	5.0001081687e+02,	-4.3267475392e-04
3.5430000000e-01,	1.5540911524e-04,	2.5001914213e+00,	4.9998918915e+02,	5.0001081085e+02,	-4.3243390967e-04
3.5440000000e-01,	1.5536588388e-04,	2.5001914369e+00,	4.9998919517e+02,	5.0001080483e+02,	-4.3219326654e-04
3.5450000000e-01,	1.5532267658e-04,	2.5001914524e+00,	4.9998920118e+02,	5.0001079882e+02,	-4.3195282431e-04
3.5460000000e-01,	1.5527949331e-04,	2.5001914679e+00,	4.9998920719e+02,	5.0001079281e+02,	-4.3171258274e-04
3.5470000000e-01,	1.5523633405e-04,	2.5001914835e+00,	4.9998921319e+02,	5.0001078681e+02,	-4.3147254162e-04
3.5480000000e-01,	1.5519319879e-04,	2.5001914990e+00,	4.9998921918e+02,	5.0001078082e+02,	-4.3123270071e-04
3.5490000000e-01,	1.5515008751e-04,	2.5001915145e+00,	4.9998922517e+02,	5.0001077483e+02,	-4.3099305980e-04
3.5500000000e-01,	1.5510700017e-04,	2.5001915300e+00,	4.9998923116e+02,	5.0001076884e+02,	-4.3075361867e-04
3.5510000000e-01,	1.5506393678e-04,	2.5001915455e+00,	4.9998923714e+02,	5.0001076286e+02,	-4.3051437709e-04
3.5520000000e-01,	1.5502089729e-04,	2.5001915610e+00,	4.9998924312e+02,	5.0001075688e+02,	-4.3027533484e-04
3.5530000000e-01,	1.5497788170e-04,	2.5001915765e+00,	4.9998924909e+02,	5.0001075091e+02,	-4.3003649170e-04
3.5540000000e-01,	1.5493488999e-04,	2.5001915920e+00,	4.9998925505e+02,	5.0001074495e+02,	-4.2979784746e-04
3.5550000000e-01,	1.5489192213e-04,	2.5001916075e+00,	4.9998926101e+02,	5.0001073898e+02,	-4.2955940188e-04
3.5560000000e-01,	1.5484897810e-04,	2.5001916230e+00,	4.9998926697e+02,	5.0001073303e+02,	-4.2932115475e-04
3.5570000000e-01,	1.5480605789e-04,	2.5001916385e+00,	4.9998927292e+02,	5.0001072708e+02,	-4.2908310584e-04
3.5580000000e-01,	1.5476316147e-04,	2.5001916539e+00,	4.9998927887e+02,	5.0001072113e+02,	-4.2884525494e-04
3.5590000000e-01,	1.5472028883e-04,	2.5001916694e+00,	4.9998928481e+02,	5.0001071519e+02,	-4.2860760183e-04
3.5600000000e-01,	1.5467743995e-04,	2.5001916849e+00,	4.9998929075e+02,	5.0001070925e+02,	-4.2837014630e-04
3.5610000000e-01,	1.5463461480e-04,	2.5001917004e+00,	4.9998929668e+02,	5.0001070332e+02,	-4.2813288810e-04
3.5620000000e-01,	1.5459181336e-04,	2.5001917158e+00,	4.9998930260e+02,	5.0001069740e+02,	-4.2789582703e-04
3.5630000000e-01,	1.5454903562e-04,	2.5001917313e+00,	4.9998930853e+02,	5.0001069147e+02,	-4.2765896289e-04
3.5640000000e-01,	1.5450628156e-04,	2.5001917467e+00,	4.9998931444e+02,	5.0001068556e+02,	-4.2742229543e-04
3.5650000000e-01,	1.5446355116e-04,	2.5001917622e+00,	4.9998932035e+02,	5.0001067965e+02,	-4.2718582446e-04
3.5660000000e-01,	1.5442084439e-04,	2.5001917776e+00,	4.9998932626e+02,	5.0001067374e+02,	-4.2694954974e-04
3.5670000000e-01,	1.5437816124e-04,	2.5001917931e+00,	4.9998933216e+02,	5.0001066784e+02,	-4.2671347106e-04
3.5680000000e-01,	1.5433550169e-04,	2.5001918085e+00,	4.9998933806e+02,	5.0001066194e+02,	-4.2647758821e-04
3.5690000000e-01,	1.5429286572e-04,	2.5001918239e+00,	4.9998934395e+02,	5.0001065605e+02,	-4.2624190097e-04
3.5700000000e-01,	1.5425025330e-04,	2.5001918394e+00,	4.9998934984e+02,	5.0001065016e+02,	-4.2600640912e-04
3.5710000000e-01,	1.5420766443e-04,	2.5001918548e+00,	4.9998935572e+02,	5.0001064428e+02,	-4.2577111244e-04
3.5720000000e-01,	1.5416509907e-04,	2.5001918702e+00,	4.9998936160e+02,	5.0001063840e+02,	-4.2553601072e-04
3.5730000000e-01,	1.5412255722e-04,	2.5001918856e+00,	4.9998936747e+02,	5.0001063253e+02,	-4.2530110376e-04
3.5740000000e-01,	1.5408003885e-04,	2.5001919010e+00,	4.9998937334e+02,	5.0001062666e+02,	-4.2506639132e-04
3.5750000000e-01,	1.5403754394e-04,	2.5001919164e+00,	4.9998937920e+02,	5.0001062080e+02,	-4.2483187319e-04
3.5760000000e-01,	1.5399507247e-04,	2.5001919318e+00,	4.9998938506e+02,	5.0001061494e+02,	-4.2459754916e-04
3.5770000000e-01,	1.5395262442e-04,	2.5001919472e+00,	4.9998939091e+02,	5.0001060909e+02,	-4.2436341902e-04
3.5780000000e-01,	1.5391019978e-04,	2.5001919626e+00,	4.9998939676e+02,	5.0001060324e+02,	-4.2412948256e-04
3.5790000000e-01,	1.5386779852e-04,	2.5001919780e+00,	4.9998940261e+02,	5.0001059739e+02,	-4.2389573956e-04
3.5800000000e-01,	1.5382542062e-04,	2.5001919934e+00,	4.9998940845e+02,	5.0001059155e+02,	-4.2366218978e-04
3.5810000000e-01,	1.5378306607e-04,	2.5001920088e+00,	4.9998941428e+02,	5.0001058572e+02,	-4.2342883305e-04
3.5820000000e-01,	1.5374073485e-04,	2.5001920242e+00,	4.9998942011e+02,	5.0001057989e+02,	-4.2319566914e-04
3.5830000000e-01,	1.5369842693e-04,	2.5001920395e+00,	4.9998942593e+02,	5.0001057407e+02,	-4.2296269783e-04
3.5840000000e-01,	1.5365614230e-04,	2.5001920549e+00,	4.9998943175e+02,	5.0001056825e+02,	-4.2272991893e-04
3.5850000000e-01,	1.5361388094e-04,	2.5001920703e+00,	4.9998943757e+02,	5.0001056243e+02,	-4.2249733220e-04
3.5860000000e-01,	1.5357164283e-04,	2.5001920856e+00,	4.9998944338e+02,	5.0001055662e+02,	-4.2226493745e-04
3.5870000000e-01,	1.5352942795e-04,	2.5001921010e+00,	4.9998944918e+02,	5.0001055082e+02,	-4.2203273445e-04
3.5880000000e-01,	1.5348723628e-04,	2.5001921163e+00,	4.9998945498e+02,	5.0001054502e+02,	-4.2180072301e-04
3.5890000000e-01,	1.5344506780e-04,	2.5001921317e+00,	4.9998946078e+02,	5.0001053922e+02,	-4.2156890290e-04
3.5900000000e-01,	1.5340292249e-04,	2.5001921470e+00,	4.9998946657e+02,	5.0001053343e+02,	-4.2133727392e-04
3.5910000000e-01,	1.5336080034e-04,	2.5001921623e+00,	4.9998947235e+02,	5.0001052765e+02,	-4.2110583586e-04
3.5920000000e-01,	1.5331870132e-04,	2.5001921777e+00,	4.9998947814e+02,	5.0001052186e+02,	-4.2087458851e-04
3.5930000000e-01,	1.5327662541e-04,	2.5001921930e+00,	4.9998948391e+02,	5.0001051609e+02,	-4.2064353166e-04
3.5940000000e-01,	1.5323457260e-04,	2.5001922083e+00,	4.9998948968e+02,	5.0001051032e+02,	-4.2041266509e-04
3.5950000000e-01,	1.5319254287e-04,	2.5001922237e+00,	4.9998949545e+02,	5.0001050455e+02,	-4.2018198861e-04
3.5960000000e-01,	1.5315053620e-04,	2.5001922390e+00,	4.9998950121e+02,	5.0001049879e+02,	-4.1995150200e-04
3.5970000000e-01,	1.5310855257e-04,	2.5001922543e+00,	4.9998950697e+02,	5.0001049303e+02,	-4.1972120506e-04
3.5980000000e-01,	1.5306659195e-04,	2.5001922696e+00,	4.9998951272e+02,	5.0001048728e+02,	-4.1949109755e-04
3.5990000000e-01,	1.5302465434e-04,	2.5001922849e+00,	4.9998951847e+02,	5.0001048153e+02,	-4.1926117930e-04
3.6000000000e-01,	1.5298273971e-04,	2.5001923002e+00,	4.9998952421e+02,	5.0001047579e+02,	-4.1903145010e-04
3.6010000000e-01,	1.5294084804e-04,	2.5001923155e+00,	4.9998952995e+02,	5.0001047005e+02,	-4.1880190973e-04
3.6020000000e-01,	1.5289897932e-04,	2.5001923308e+00,	4.9998953569e+02,	5.0001046431e+02,	-4.1857255798e-04
3.6030000000e-01,	1.5285713353e-04,	2.5001923461e+00,	4.9998954142e+02,	5.0001045858e+02,	-4.1834339465e-04
3.6040000000e-01,	1.5281531064e-04,	2.5001923614e+00,	4.9998954714e+02,	5.0001045286e+02,	-4.1811441953e-04
3.6050000000e-01,	1.5277351064e-04,	2.5001923766e+00,	4.9998955286e+02,	5.0001044714e+02,	-4.1788563242e-04
3.6060000000e-01,	1.5273173350e-04,	2.5001923919e+00,	4.9998955857e+02,	5.0001044143e+02,	-4.1765703311e-04
3.6070000000e-01,	1.5268997922e-04,	2.5001924072e+00,	4.9998956428e+02,	5.0001043572e+02,	-4.1742862139e-04
3.6080000000e-01,	1.5264824777e-04,	2.5001924225e+00,	4.9998956999e+02,	5.0001043001e+02,	-4.1720039707e-04
3.6090000000e-01,	1.5260653914e-04,	2.5001924377e+00,	4.9998957569e+02,	5.0001042431e+02,	-4.1697235993e-04
3.6100000000e-01,	1.5256485330e-04,	2.5001924530e+00,	4.9998958139e+02,	5.0001041861e+02,	-4.1674450976e-04
3.6110000000e-01,	1.5252319023e-04,	2.5001924682e+00,	4.9998958708e+02,	5.0001041292e+02,	-4.1651684638e-04
3.6120000000e-01,	1.5248154992e-04,	2.5001924835e+00,	4.9998959277e+02,	5.0001040723e+02,	-4.1628936956e-04
3.6130000000e-01,	1.5243993235e-04,	2.5001924987e+00,	4.9998959845e+02,	5.0001040155e+02,	-4.1606207912e-04
3.6140000000e-01,	1.5239833750e-04,	2.5001925140e+00,	4.9998960413e+02,	5.0001039587e+02,	-4.1583497484e-04
3.6150000000e-01,	1.5235676535e-04,	2.5001925292e+00,	4.9998960980e+02,	5.0001039020e+02,	-4.1560805651e-04
3.6160000000e-01,	1.5231521588e-04,	2.5001925444e+00,	4.9998961547e+02,	5.0001038453e+02,	-4.1538132395e-04
3.6170000000e-01,	1.5227368908e-04,	2.5001925597e+00,	4.9998962113e+02,	5.0001037887e+02,	-4.1515477694e-04
3.6180000000e-01,	1.5223218492e-04,	2.5001925749e+00,	4.9998962679e+02,	5.0001037321e+02,	-4.1492841529e-04
3.6190000000e-01,	1.5219070339e-04,	2.5001925901e+00,	4.9998963244e+02,	5.0001036756e+02,	-4.1470223877e-04
3.6200000000e-01,	1.5214924446e-04,	2.5001926053e+00,	4.9998963809e+02,	5.0001036191e+02,	-4.1447624722e-04
3.6210000000e-01,	1.5210780813e-04,	2.5001926205e+00,	4.9998964374e+02,	5.0001035626e+02,	-4.1425044040e-04
3.6220000000e-01,	1.5206639437e-04,	2.5001926358e+00,	4.9998964938e+02,	5.0001035062e+02,	-4.1402481813e-04
3.6230000000e-01,	1.5202500316e-04,	2.5001926510e+00,	4.9998965502e+02,	5.0001034498e+02,	-4.1379938021e-04
3.6240000000e-01,	1.5198363449e-04,	2.5001926662e+00,	4.9998966065e+02,	5.0001033935e+02,	-4.1357412643e-04
3.6250000000e-01,	1.5194228833e-04,	2.5001926814e+00,	4.9998966627e+02,	5.0001033373e+02,	-4.1334905659e-04
3.6260000000e-01,	1.5190096467e-04,	2.5001926965e+00,	4.9998967190e+02,	5.0001032810e+02,	-4.1312417050e-04
3.6270000000e-01,	1.5185966349e-04,	2.5001927117e+00,	4.9998967751e+02,	5.0001032249e+02,	-4.1289946794e-04
3.6280000000e-01,	1.5181838477e-04,	2.5001927269e+00,	4.9998968313e+02,	5.0001031687e+02,	-4.1267494873e-04
3.6290000000e-01,	1.5177712849e-04,	2.5001927421e+00,	4.9998968873e+02,	5.0001031127e+02,	-4.1245061266e-04
3.6300000000e-01,	1.5173589464e-04,	2.5001927573e+00,	4.9998969434e+02,	5.0001030566e+02,	-4.1222645954e-04
3.6310000000e-01,	1.5169468320e-04,	2.5001927724e+00,	4.9998969994e+02,	5.0001030006e+02,	-4.1200248916e-04
3.6320000000e-01,	1.5165349414e-04,	2.5001927876e+00,	4.9998970553e+02,	5.0001029447e+02,	-4.1177870133e-04
3.6330000000e-01,	1.5161232745e-04,	2.5001928028e+00,	4.9998971112e+02,	5.0001028888e+02,	-4.1155509584e-04
3.6340000000e-01,	1.5157118311e-04,	2.5001928179e+00,	4.9998971671e+02,	5.0001028329e+02,	-4.1133167253e-04
3.6350000000e-01,	1.5153006111e-04,	2.5001928331e+00,	4.9998972229e+02,	5.0001027771e+02,	-4.1110843114e-04
3.6360000000e-01,	1.5148896142e-04,	2.5001928482e+00,	4.9998972787e+02,	5.0001027213e+02,	-4.1088537146e-04
3.6370000000e-01,	1.5144788403e-04,	2.5001928634e+00,	4.9998973344e+02,	5.0001026656e+02,	-4.1066249340e-04
3.6380000000e-01,	1.5140682892e-04,	2.5001928785e+00,	4.9998973900e+02,	5.0001026099e+02,	-4.1043979669e-04
3.6390000000e-01,	1.5136579606e-04,	2.5001928937e+00,	4.9998974457e+02,	5.0001025543e+02,	-4.1021728114e-04
3.6400000000e-01,	1.5132478545e-04,	2.5001929088e+00,	4.9998975013e+02,	5.0001024987e+02,	-4.0999494656e-04
3.6410000000e-01,	1.5128379707e-04,	2.5001929239e+00,	4.9998975568e+02,	5.0001024432e+02,	-4.0977279275e-04
3.6420000000e-01,	1.5124283089e-04,	2.5001929391e+00,	4.9998976123e+02,	5.0001023877e+02,	-4.0955081951e-04
3.6430000000e-01,	1.5120188690e-04,	2.5001929542e+00,	4.9998976677e+02,	5.0001023323e+02,	-4.0932902665e-04
3.6440000000e-01,	1.5116096508e-04,	2.5001929693e+00,	4.9998977231e+02,	5.0001022769e+02,	-4.0910741397e-04
3.6450000000e-01,	1.5112006541e-04,	2.5001929844e+00,	4.9998977785e+02,	5.0001022215e+02,	-4.0888598128e-04
3.6460000000e-01,	1.5107918788e-04,	2.5001929995e+00,	4.9998978338e+02,	5.0001021662e+02,	-4.0866472839e-04
3.6470000000e-01,	1.5103833246e-04,	2.5001930146e+00,	4.9998978891e+02,	5.0001021109e+02,	-4.0844365509e-04
3.6480000000e-01,	1.5099749914e-04,	2.5001930297e+00,	4.9998979443e+02,	5.0001020557e+02,	-4.0822276119e-04
3.6490000000e-01,	1.5095668790e-04,	2.5001930448e+00,	4.9998979995e+02,	5.0001020005e+02,	-4.0800204651e-04
3.6500000000e-01,	1.5091589872e-04,	2.5001930599e+00,	4.9998980546e+02,	5.0001019454e+02,	-4.0778151084e-04
3.6510000000e-01,	1.5087513159e-04,	2.5001930750e+00,	4.9998981097e+02,	5.0001018903e+02,	-4.0756115400e-04
3.6520000000e-01,	1.5083438649e-04,	2.5001930901e+00,	4.9998981648e+02,	5.0001018352e+02,	-4.0734097578e-04
3.6530000000e-01,	1.5079366339e-04,	2.5001931052e+00,	4.9998982198e+02,	5.0001017802e+02,	-4.0712097600e-04
3.6540000000e-01,	1.5075296229e-04,	2.5001931203e+00,	4.9998982747e+02,	5.0001017253e+02,	-4.0690115446e-04
3.6550000000e-01,	1.5071228315e-04,	2.5001931353e+00,	4.9998983296e+02,	5.0001016704e+02,	-4.0668151097e-04
3.6560000000e-01,	1.5067162598e-04,	2.5001931504e+00,	4.9998983845e+02,	5.0001016155e+02,	-4.0646204534e-04
3.6570000000e-01,	1.5063099074e-04,	2.5001931655e+00,	4.9998984393e+02,	5.0001015607e+02,	-4.0624275738e-04
3.6580000000e-01,	1.5059037742e-04,	2.5001931805e+00,	4.9998984941e+02,	5.0001015059e+02,	-4.0602364689e-04
3.6590000000e-01,	1.5054978600e-04,	2.5001931956e+00,	4.9998985488e+02,	5.0001014512e+02,	-4.0580471368e-04
3.6600000000e-01,	1.5050921647e-04,	2.5001932106e+00,	4.9998986035e+02,	5.0001013965e+02,	-4.0558595757e-04
3.6610000000e-01,	1.5046866881e-04,	2.5001932257e+00,	4.9998986582e+02,	5.0001013418e+02,	-4.0536737836e-04
3.6620000000e-01,	1.5042814299e-04,	2.5001932407e+00,	4.9998987128e+02,	5.0001012872e+02,	-4.0514897586e-04
3.6630000000e-01,	1.5038763901e-04,	2.5001932558e+00,	4.9998987673e+02,	5.0001012327e+02,	-4.0493074987e-04
3.6640000000e-01,	1.5034715683e-04,	2.5001932708e+00,	4.9998988218e+02,	5.0001011782e+02,	-4.0471270022e-04
3.6650000000e-01,	1.5030669646e-04,	2.5001932858e+00,	4.9998988763e+02,	5.0001011237e+02,	-4.0449482670e-04
3.6660000000e-01,	1.5026625786e-04,	2.5001933009e+00,	4.9998989307e+02,	5.0001010693e+02,	-4.0427712914e-04
3.6670000000e-01,	1.5022584103e-04,	2.5001933159e+00,	4.9998989851e+02,	5.0001010149e+02,	-4.0405960733e-04
3.6680000000e-01,	1.5018544594e-04,	2.5001933309e+00,	4.9998990394e+02,	5.0001009606e+02,	-4.0384226110e-04
3.6690000000e-01,	1.5014507257e-04,	2.5001933459e+00,	4.9998990937e+02,	5.0001009063e+02,	-4.0362509024e-04
3.6700000000e-01,	1.5010472091e-04,	2.5001933609e+00,	4.9998991480e+02,	5.0001008520e+02,	-4.0340809457e-04
3.6710000000e-01,	1.5006439094e-04,	2.5001933760e+00,	4.9998992022e+02,	5.0001007978e+02,	-4.0319127392e-04
3.6720000000e-01,	1.5002408265e-04,	2.5001933910e+00,	4.9998992563e+02,	5.0001007437e+02,	-4.0297462808e-04
3.6730000000e-01,	1.4998379601e-04,	2.5001934060e+00,	4.9998993105e+02,	5.0001006895e+02,	-4.0275815687e-04
3.6740000000e-01,	1.4994353101e-04,	2.5001934210e+00,	4.9998993645e+02,	5.0001006355e+02,	-4.0254186011e-04
3.6750000000e-01,	1.4990328764e-04,	2.5001934359e+00,	4.9998994186e+02,	5.0001005814e+02,	-4.0232573758e-04
3.6760000000e-01,	1.4986306586e-04,	2.5001934509e+00,	4.9998994726e+02,	5.0001005274e+02,	-4.0210978913e-04
3.6770000000e-01,	1.4982286567e-04,	2.5001934659e+00,	4.9998995265e+02,	5.0001004735e+02,	-4.0189401455e-04
3.6780000000e-01,	1.4978268705e-04,	2.5001934809e+00,	4.9998995804e+02,	5.0001004196e+02,	-4.0167841368e-04
3.6790000000e-01,	1.4974252998e-04,	2.5001934959e+00,	4.9998996343e+02,	5.0001003657e+02,	-4.0146298630e-04
3.6800000000e-01,	1.4970239445e-04,	2.5001935108e+00,	4.9998996881e+02,	5.0001003119e+02,	-4.0124773225e-04
3.6810000000e-01,	1.4966228043e-04,	2.5001935258e+00,	4.9998997418e+02,	5.0001002582e+02,	-4.0103265133e-04
3.6820000000e-01,	1.4962218791e-04,	2.5001935408e+00,	4.9998997956e+02,	5.0001002044e+02,	-4.0081774336e-04
3.6830000000e-01,	1.4958211688e-04,	2.5001935557e+00,	4.9998998492e+02,	5.0001001508e+02,	-4.0060300815e-04
3.6840000000e-01,	1.4954206731e-04,	2.5001935707e+00,	4.9998999029e+02,	5.0001000971e+02,	-4.0038844551e-04
3.6850000000e-01,	1.4950203918e-04,	2.5001935856e+00,	4.9998999565e+02,	5.0001000435e+02,	-4.0017405527e-04
3.6860000000e-01,	1.4946203249e-04,	2.5001936006e+00,	4.9999000100e+02,	5.0000999900e+02,	-3.9995983725e-04
3.6870000000e-01,	1.4942204721e-04,	2.5001936155e+00,	4.9999000636e+02,	5.0000999364e+02,	-3.9974579124e-04
3.6880000000e-01,	1.4938208332e-04,	2.5001936305e+00,	4.9999001170e+02,	5.0000998830e+02,	-3.9953191707e-04
3.6890000000e-01,	1.4934214082e-04,	2.5001936454e+00,	4.9999001704e+02,	5.0000998296e+02,	-3.9931821456e-04
3.6900000000e-01,	1.4930221968e-04,	2.5001936603e+00,	4.9999002238e+02,	5.0000997762e+02,	-3.9910468352e-04
3.6910000000e-01,	1.4926231988e-04,	2.5001936753e+00,	4.9999002772e+02,	5.0000997228e+02,	-3.9889132376e-04
3.6920000000e-01,	1.4922244141e-04,	2.5001936902e+00,	4.9999003305e+02,	5.0000996695e+02,	-3.9867813512e-04
3.6930000000e-01,	1.4918258424e-04,	2.5001937051e+00,	4.9999003837e+02,	5.0000996163e+02,	-3.9846511739e-04
3.6940000000e-01,	1.4914274838e-04,	2.5001937200e+00,	4.9999004369e+02,	5.0000995631e+02,	-3.9825227040e-04
3.6950000000e-01,	1.4910293378e-04,	2.5001937350e+00,	4.9999004901e+02,	5.0000995099e+02,	-3.9803959395e-04
3.6960000000e-01,	1.4906314045e-04,	2.5001937499e+00,	4.9999005432e+02,	5.0000994568e+02,	-3.9782708791e-04
3.6970000000e-01,	1.4902336836e-04,	2.5001937648e+00,	4.9999005963e+02,	5.0000994037e+02,	-3.9761475205e-04
3.6980000000e-01,	1.4898361750e-04,	2.5001937797e+00,	4.9999006494e+02,	5.0000993506e+02,	-3.9740258620e-04
3.6990000000e-01,	1.4894388784e-04,	2.5001937946e+00,	4.9999007024e+02,	5.0000992976e+02,	-3.9719059018e-04
3.7000000000e-01,	1.4890417937e-04,	2.5001938095e+00,	4.9999007553e+02,	5.0000992447e+02,	-3.9697876380e-04
3.7010000000e-01,	1.4886449208e-04,	2.5001938243e+00,	4.9999008082e+02,	5.0000991918e+02,	-3.9676710690e-04
3.7020000000e-01,	1.4882482595e-04,	2.5001938392e+00,	4.9999008611e+02,	5.0000991389e+02,	-3.9655561927e-04
3.7030000000e-01,	1.4878518095e-04,	2.5001938541e+00,	4.9999009139e+02,	5.0000990861e+02,	-3.9634430076e-04
3.7040000000e-01,	1.4874555708e-04,	2.5001938690e+00,	4.9999009667e+02,	5.0000990333e+02,	-3.9613315117e-04
3.7050000000e-01,	1.4870595431e-04,	2.5001938839e+00,	4.9999010195e+02,	5.0000989805e+02,	-3.9592217032e-04
3.7060000000e-01,	1.4866637264e-04,	2.5001938987e+00,	4.9999010722e+02,	5.0000989278e+02,	-3.9571135804e-04
3.7070000000e-01,	1.4862681204e-04,	2.5001939136e+00,	4.9999011248e+02,	5.0000988752e+02,	-3.9550071415e-04
3.7080000000e-01,	1.4858727249e-04,	2.5001939284e+00,	4.9999011774e+02,	5.0000988226e+02,	-3.9529023846e-04
3.7090000000e-01,	1.4854775398e-04,	2.5001939433e+00,	4.9999012300e+02,	5.0000987700e+02,	-3.9507993080e-04
3.7100000000e-01,	1.4850825650e-04,	2.5001939582e+00,	4.9999012826e+02,	5.0000987174e+02,	-3.9486979099e-04
3.7110000000e-01,	1.4846878002e-04,	2.5001939730e+00,	4.9999013350e+02,	5.0000986650e+02,	-3.9465981885e-04
3.7120000000e-01,	1.4842932453e-04,	2.5001939879e+00,	4.9999013875e+02,	5.0000986125e+02,	-3.9445001420e-04
3.7130000000e-01,	1.4838989001e-04,	2.5001940027e+00,	4.9999014399e+02,	5.0000985601e+02,	-3.9424037686e-04
3.7140000000e-01,	1.4835047645e-04,	2.5001940175e+00,	4.9999014923e+02,	5.0000985077e+02,	-3.9403090666e-04
3.7150000000e-01,	1.4831108383e-04,	2.5001940324e+00,	4.9999015446e+02,	5.0000984554e+02,	-3.9382160342e-04
3.7160000000e-01,	1.4827171212e-04,	2.5001940472e+00,	4.9999015969e+02,	5.0000984031e+02,	-3.9361246695e-04
3.7170000000e-01,	1.4823236133e-04,	2.5001940620e+00,	4.9999016491e+02,	5.0000983509e+02,	-3.9340349709e-04
3.7180000000e-01,	1.4819303142e-04,	2.5001940768e+00,	4.9999017013e+02,	5.0000982987e+02,	-3.9319469366e-04
3.7190000000e-01,	1.4815372238e-04,	2.5001940917e+00,	4.9999017535e+02,	5.0000982465e+02,	-3.9298605648e-04
3.7200000000e-01,	1.4811443420e-04,	2.5001941065e+00,	4.9999018056e+02,	5.0000981944e+02,	-3.9277758537e-04
3.7210000000e-01,	1.4807516686e-04,	2.5001941213e+00,	4.9999018577e+02,	5.0000981423e+02,	-3.9256928015e-04
3.7220000000e-01,	1.4803592034e-04,	2.5001941361e+00,	4.9999019097e+02,	5.0000980903e+02,	-3.9236114066e-04
3.7230000000e-01,	1.4799669463e-04,	2.5001941509e+00,	4.9999019617e+02,	5.0000980383e+02,	-3.9215316671e-04
3.7240000000e-01,	1.4795748970e-04,	2.5001941657e+00,	4.9999020137e+02,	5.0000979863e+02,	-3.9194535813e-04
3.7250000000e-01,	1.4791830555e-04,	2.5001941805e+00,	4.9999020656e+02,	5.0000979344e+02,	-3.9173771475e-04
3.7260000000e-01,	1.4787914215e-04,	2.5001941953e+00,	4.9999021174e+02,	5.0000978826e+02,	-3.9153023638e-04
3.7270000000e-01,	1.4783999950e-04,	2.5001942101e+00,	4.9999021693e+02,	5.0000978307e+02,	-3.9132292285e-04
3.7280000000e-01,	1.4780087756e-04,	2.5001942248e+00,	4.9999022211e+02,	5.0000977789e+02,	-3.9111577400e-04
3.7290000000e-01,	1.4776177634e-04,	2.5001942396e+00,	4.9999022728e+02,	5.0000977272e+02,	-3.9090878964e-04
3.7300000000e-01,	1.4772269580e-04,	2.5001942544e+00,	4.9999023245e+02,	5.0000976755e+02,	-3.9070196960e-04
3.7310000000e-01,	1.4768363594e-04,	2.5001942692e+00,	4.9999023762e+02,	5.0000976238e+02,	-3.9049531371e-04
3.7320000000e-01,	1.4764459673e-04,	2.5001942839e+00,	4.9999024278e+02,	5.0000975722e+02,	-3.9028882180e-04
3.7330000000e-01,	1.4760557817e-04,	2.5001942987e+00,	4.9999024794e+02,	5.0000975206e+02,	-3.9008249368e-04
3.7340000000e-01,	1.4756658023e-04,	2.5001943134e+00,	4.9999025309e+02,	5.0000974691e+02,	-3.8987632918e-04
3.7350000000e-01,	1.4752760290e-04,	2.5001943282e+00,	4.9999025824e+02,	5.0000974176e+02,	-3.8967032815e-04
3.7360000000e-01,	1.4748864616e-04,	2.5001943430e+00,	4.9999026339e+02,	5.0000973661e+02,	-3.8946449039e-04
3.7370000000e-01,	1.4744970999e-04,	2.5001943577e+00,	4.9999026853e+02,	5.0000973147e+02,	-3.8925881574e-04
3.7380000000e-01,	1.4741079439e-04,	2.5001943724e+00,	4.9999027367e+02,	5.0000972633e+02,	-3.8905330402e-04
3.7390000000e-01,	1.4737189933e-04,	2.5001943872e+00,	4.9999027880e+02,	5.0000972120e+02,	-3.8884795507e-04
3.7400000000e-01,	1.4733302479e-04,	2.5001944019e+00,	4.9999028393e+02,	5.0000971607e+02,	-3.8864276871e-04
3.7410000000e-01,	1.4729417077e-04,	2.5001944166e+00,	4.9999028906e+02,	5.0000971094e+02,	-3.8843774477e-04
3.7420000000e-01,	1.4725533724e-04,	2.5001944314e+00,	4.9999029418e+02,	5.0000970582e+02,	-3.8823288308e-04
3.7430000000e-01,	1.4721652418e-04,	2.5001944461e+00,	4.9999029930e+02,	5.0000970070e+02,	-3.8802818347e-04
3.7440000000e-01,	1.4717773159e-04,	2.5001944608e+00,	4.9999030441e+02,	5.0000969559e+02,	-3.8782364576e-04
3.7450000000e-01,	1.4713895945e-04,	2.5001944755e+00,	4.9999030952e+02,	5.0000969048e+02,	-3.8761926979e-04
3.7460000000e-01,	1.4710020773e-04,	2.5001944902e+00,	4.9999031462e+02,	5.0000968538e+02,	-3.8741505538e-04
3.7470000000e-01,	1.4706147643e-04,	2.5001945050e+00,	4.9999031972e+02,	5.0000968027e+02,	-3.8721100236e-04
3.7480000000e-01,	1.4702276553e-04,	2.5001945197e+00,	4.9999032482e+02,	5.0000967518e+02,	-3.8700711058e-04
3.7490000000e-01,	1.4698407501e-04,	2.5001945344e+00,	4.9999032992e+02,	5.0000967008e+02,	-3.8680337984e-04
3.7500000000e-01,	1.4694540485e-04,	2.5001945491e+00,	4.9999033500e+02,	5.0000966500e+02,	-3.8659980999e-04
3.7510000000e-01,	1.4690675504e-04,	2.5001945637e+00,	4.9999034009e+02,	5.0000965991e+02,	-3.8639640086e-04
3.7520000000e-01,	1.4686812556e-04,	2.5001945784e+00,	4.9999034517e+02,	5.0000965483e+02,	-3.8619315227e-04
3.7530000000e-01,	1.4682951640e-04,	2.5001945931e+00,	4.9999035025e+02,	5.0000964975e+02,	-3.8599006406e-04
3.7540000000e-01,	1.4679092754e-04,	2.5001946078e+00,	4.9999035532e+02,	5.0000964468e+02,	-3.8578713607e-04
3.7550000000e-01,	1.4675235897e-04,	2.5001946225e+00,	4.9999036039e+02,	5.0000963961e+02,	-3.8558436811e-04
3.7560000000e-01,	1.4671381066e-04,	2.5001946372e+00,	4.9999036546e+02,	5.0000963454e+02,	-3.8538176003e-04
3.7570000000e-01,	1.4667528261e-04,	2.5001946518e+00,	4.9999037052e+02,	5.0000962948e+02,	-3.8517931165e-04
3.7580000000e-01,	1.4663677480e-04,	2.5001946665e+00,	4.9999037557e+02,	5.0000962443e+02,	-3.8497702279e-04
3.7590000000e-01,	1.4659828720e-04,	2.5001946811e+00,	4.9999038063e+02,	5.0000961937e+02,	-3.8477489336e-04
3.7600000000e-01,	1.4655981981e-04,	2.5001946958e+00,	4.9999038568e+02,	5.0000961432e+02,	-3.8457292305e-04
3.7610000000e-01,	1.4652137261e-04,	2.5001947105e+00,	4.9999039072e+02,	5.0000960928e+02,	-3.8437111176e-04
3.7620000000e-01,	1.4648294559e-04,	2.5001947251e+00,	4.9999039576e+02,	5.0000960424e+02,	-3.8416945939e-04
3.7630000000e-01,	1.4644453872e-04,	2.5001947398e+00,	4.9999040080e+02,	5.0000959920e+02,	-3.8396796572e-04
3.7640000000e-01,	1.4640615199e-04,	2.5001947544e+00,	4.9999040583e+02,	5.0000959417e+02,	-3.8376663058e-04
3.7650000000e-01,	1.4636778538e-04,	2.5001947690e+00,	4.9999041086e+02,	5.0000958914e+02,	-3.8356545380e-04
3.7660000000e-01,	1.4632943889e-04,	2.5001947837e+00,	4.9999041589e+02,	5.0000958411e+02,	-3.8336443522e-04
3.7670000000e-01,	1.4629111249e-04,	2.5001947983e+00,	4.9999042091e+02,	5.0000957909e+02,	-3.8316357468e-04
3.7680000000e-01,	1.4625280617e-04,	2.5001948129e+00,	4.9999042593e+02,	5.0000957407e+02,	-3.8296287202e-04
3.7690000000e-01,	1.4621451991e-04,	2.5001948276e+00,	4.9999043094e+02,	5.0000956906e+02,	-3.8276232705e-04
3.7700000000e-01,	1.4617625370e-04,	2.5001948422e+00,	4.9999043595e+02,	5.0000956405e+02,	-3.8256193962e-04
3.7710000000e-01,	1.4613800752e-04,	2.5001948568e+00,	4.9999044096e+02,	5.0000955904e+02,	-3.8236170957e-04
3.7720000000e-01,	1.4609978135e-04,	2.5001948714e+00,	4.9999044596e+02,	5.0000955404e+02,	-3.8216163672e-04
3.7730000000e-01,	1.4606157519e-04,	2.5001948860e+00,	4.9999045096e+02,	5.0000954904e+02,	-3.8196172092e-04
3.7740000000e-01,	1.4602338900e-04,	2.5001949006e+00,	4.9999045595e+02,	5.0000954405e+02,	-3.8176196200e-04
3.7750000000e-01,	1.4598522279e-04,	2.5001949152e+00,	4.9999046094e+02,	5.0000953906e+02,	-3.8156235979e-04
3.7760000000e-01,	1.4594707653e-04,	2.5001949298e+00,	4.9999046593e+02,	5.0000953407e+02,	-3.8136291414e-04
3.7770000000e-01,	1.4590895020e-04,	2.5001949444e+00,	4.9999047091e+02,	5.0000952909e+02,	-3.8116362487e-04
3.7780000000e-01,	1.4587084380e-04,	2.5001949590e+00,	4.9999047589e+02,	5.0000952411e+02,	-3.8096449184e-04
3.7790000000e-01,	1.4583275730e-04,	2.5001949736e+00,	4.9999048086e+02,	5.0000951914e+02,	-3.8076551486e-04
3.7800000000e-01,	1.4579469069e-04,	2.5001949882e+00,	4.9999048583e+02,	5.0000951417e+02,	-3.8056669378e-04
3.7810000000e-01,	1.4575664395e-04,	2.5001950027e+00,	4.9999049080e+02,	5.0000950920e+02,	-3.8036802843e-04
3.7820000000e-01,	1.4571861708e-04,	2.5001950173e+00,	4.9999049576e+02,	5.0000950424e+02,	-3.8016951866e-04
3.7830000000e-01,	1.4568061004e-04,	2.5001950319e+00,	4.9999050072e+02,	5.0000949928e+02,	-3.7997116430e-04
3.7840000000e-01,	1.4564262284e-04,	2.5001950464e+00,	4.9999050568e+02,	5.0000949432e+02,	-3.7977296518e-04
3.7850000000e-01,	1.4560465545e-04,	2.5001950610e+00,	4.9999051063e+02,	5.0000948937e+02,	-3.7957492116e-04
3.7860000000e-01,	1.4556670785e-04,	2.5001950756e+00,	4.9999051557e+02,	5.0000948443e+02,	-3.7937703205e-04
3.7870000000e-01,	1.4552878003e-04,	2.5001950901e+00,	4.9999052052e+02,	5.0000947948e+02,	-3.7917929771e-04
3.7880000000e-01,	1.4549087199e-04,	2.5001951047e+00,	4.9999052546e+02,	5.0000947454e+02,	-3.7898171797e-04
3.7890000000e-01,	1.4545298369e-04,	2.5001951192e+00,	4.9999053039e+02,	5.0000946961e+02,	-3.7878429267e-04
3.7900000000e-01,	1.4541511512e-04,	2.5001951338e+00,	4.9999053532e+02,	5.0000946468e+02,	-3.7858702165e-04
3.7910000000e-01,	1.4537726628e-04,	2.5001951483e+00,	4.9999054025e+02,	5.0000945975e+02,	-3.7838990475e-04
3.7920000000e-01,	1.4533943714e-04,	2.5001951628e+00,	4.9999054518e+02,	5.0000945482e+02,	-3.7819294181e-04
3.7930000000e-01,	1.4530162768e-04,	2.5001951774e+00,	4.9999055010e+02,	5.0000944990e+02,	-3.7799613266e-04
3.7940000000e-01,	1.4526383790e-04,	2.5001951919e+00,	4.9999055501e+02,	5.0000944499e+02,	-3.7779947715e-04
3.7950000000e-01,	1.4522606778e-04,	2.5001952064e+00,	4.9999055993e+02,	5.0000944007e+02,	-3.7760297512e-04
3.7960000000e-01,	1.4518831730e-04,	2.5001952209e+00,	4.9999056483e+02,	5.0000943517e+02,	-3.7740662641e-04
3.7970000000e-01,	1.4515058645e-04,	2.5001952355e+00,	4.9999056974e+02,	5.0000943026e+02,	-3.7721043085e-04
3.7980000000e-01,	1.4511287521e-04,	2.5001952500e+00,	4.9999057464e+02,	5.0000942536e+02,	-3.7701438830e-04
3.7990000000e-01,	1.4507518357e-04,	2.5001952645e+00,	4.9999057954e+02,	5.0000942046e+02,	-3.7681849858e-04
3.8000000000e-01,	1.4503751151e-04,	2.5001952790e+00,	4.9999058443e+02,	5.0000941557e+02,	-3.7662276154e-04
3.8010000000e-01,	1.4499985901e-04,	2.5001952935e+00,	4.9999058932e+02,	5.0000941068e+02,	-3.7642717703e-04
3.8020000000e-01,	1.4496222607e-04,	2.5001953080e+00,	4.9999059421e+02,	5.0000940579e+02,	-3.7623174488e-04
3.8030000000e-01,	1.4492461266e-04,	2.5001953225e+00,	4.9999059909e+02,	5.0000940091e+02,	-3.7603646493e-04
3.8040000000e-01,	1.4488701877e-04,	2.5001953370e+00,	4.9999060397e+02,	5.0000939603e+02,	-3.7584133704e-04
3.8050000000e-01,	1.4484944439e-04,	2.5001953515e+00,	4.9999060884e+02,	5.0000939116e+02,	-3.7564636103e-04
3.8060000000e-01,	1.4481188949e-04,	2.5001953659e+00,	4.9999061371e+02,	5.0000938629e+02,	-3.7545153676e-04
3.8070000000e-01,	1.4477435407e-04,	2.5001953804e+00,	4.9999061858e+02,	5.0000938142e+02,	-3.7525686405e-04
3.8080000000e-01,	1.4473683811e-04,	2.5001953949e+00,	4.9999062344e+02,	5.0000937656e+02,	-3.7506234277e-04
3.8090000000e-01,	1.4469934160e-04,	2.5001954094e+00,	4.9999062830e+02,	5.0000937170e+02,	-3.7486797275e-04
3.8100000000e-01,	1.4466186451e-04,	2.5001954238e+00,	4.9999063316e+02,	5.0000936684e+02,	-3.7467375383e-04
3.8110000000e-01,	1.4462440684e-04,	2.5001954383e+00,	4.9999063801e+02,	5.0000936199e+02,	-3.7447968585e-04
3.8120000000e-01,	1.4458696857e-04,	2.5001954528e+00,	4.9999064286e+02,	5.0000935714e+02,	-3.7428576867e-04
3.8130000000e-01,	1.4454954968e-04,	2.5001954672e+00,	4.9999064770e+02,	5.0000935230e+02,	-3.7409200212e-04
3.8140000000e-01,	1.4451215017e-04,	2.5001954817e+00,	4.9999065254e+02,	5.0000934746e+02,	-3.7389838605e-04
3.8150000000e-01,	1.4447477000e-04,	2.5001954961e+00,	4.9999065738e+02,	5.0000934262e+02,	-3.7370492030e-04
3.8160000000e-01,	1.4443740918e-04,	2.5001955106e+00,	4.9999066221e+02,	5.0000933779e+02,	-3.7351160472e-04
3.8170000000e-01,	1.4440006768e-04,	2.5001955250e+00,	4.9999066704e+02,	5.0000933296e+02,	-3.7331843914e-04
3.8180000000e-01,	1.4436274548e-04,	2.5001955395e+00,	4.9999067186e+02,	5.0000932814e+02,	-3.7312542343e-04
3.8190000000e-01,	1.4432544259e-04,	2.5001955539e+00,	4.9999067669e+02,	5.0000932331e+02,	-3.7293255741e-04
3.8200000000e-01,	1.4428815897e-04,	2.5001955683e+00,	4.9999068150e+02,	5.0000931850e+02,	-3.7273984095e-04
3.8210000000e-01,	1.4425089461e-04,	2.5001955827e+00,	4.9999068632e+02,	5.0000931368e+02,	-3.7254727387e-04
3.8220000000e-01,	1.4421364951e-04,	2.5001955972e+00,	4.9999069113e+02,	5.0000930887e+02,	-3.7235485603e-04
3.8230000000e-01,	1.4417642364e-04,	2.5001956116e+00,	4.9999069594e+02,	5.0000930406e+02,	-3.7216258727e-04
3.8240000000e-01,	1.4413921699e-04,	2.5001956260e+00,	4.9999070074e+02,	5.0000929926e+02,	-3.7197046745e-04
3.8250000000e-01,	1.4410202954e-04,	2.5001956404e+00,	4.9999070554e+02,	5.0000929446e+02,	-3.7177849639e-04
3.8260000000e-01,	1.4406486128e-04,	2.5001956548e+00,	4.9999071033e+02,	5.0000928967e+02,	-3.7158667396e-04
3.8270000000e-01,	1.4402771220e-04,	2.5001956692e+00,	4.9999071512e+02,	5.0000928487e+02,	-3.7139500000e-04
3.8280000000e-01,	1.4399058228e-04,	2.5001956836e+00,	4.9999071991e+02,	5.0000928009e+02,	-3.7120347435e-04
3.8290000000e-01,	1.4395347150e-04,	2.5001956980e+00,	4.9999072470e+02,	5.0000927530e+02,	-3.7101209687e-04
3.8300000000e-01,	1.4391637985e-04,	2.5001957124e+00,	4.9999072948e+02,	5.0000927052e+02,	-3.7082086739e-04
3.8310000000e-01,	1.4387930732e-04,	2.5001957268e+00,	4.9999073426e+02,	5.0000926574e+02,	-3.7062978574e-04
3.8320000000e-01,	1.4384225389e-04,	2.5001957412e+00,	4.9999073903e+02,	5.0000926097e+02,	-3.7043885183e-04
3.8330000000e-01,	1.4380521955e-04,	2.5001957556e+00,	4.9999074380e+02,	5.0000925620e+02,	-3.7024806547e-04
3.8340000000e-01,	1.4376820427e-04,	2.5001957700e+00,	4.9999074856e+02,	5.0000925144e+02,	-3.7005742651e-04
3.8350000000e-01,	1.4373120806e-04,	2.5001957843e+00,	4.9999075333e+02,	5.0000924667e+02,	-3.6986693479e-04
3.8360000000e-01,	1.4369423088e-04,	2.5001957987e+00,	4.9999075809e+02,	5.0000924191e+02,	-3.6967659017e-04
3.8370000000e-01,	1.4365727273e-04,	2.5001958131e+00,	4.9999076284e+02,	5.0000923716e+02,	-3.6948639249e-04
3.8380000000e-01,	1.4362033360e-04,	2.5001958274e+00,	4.9999076759e+02,	5.0000923241e+02,	-3.6929634160e-04
3.8390000000e-01,	1.4358341346e-04,	2.5001958418e+00,	4.9999077234e+02,	5.0000922766e+02,	-3.6910643736e-04
3.8400000000e-01,	1.4354651230e-04,	2.5001958561e+00,	4.9999077708e+02,	5.0000922292e+02,	-3.6891667961e-04
3.8410000000e-01,	1.4350963012e-04,	2.5001958705e+00,	4.9999078182e+02,	5.0000921818e+02,	-3.6872706820e-04
3.8420000000e-01,	1.4347276689e-04,	2.5001958849e+00,	4.9999078656e+02,	5.0000921344e+02,	-3.6853760297e-04
3.8430000000e-01,	1.4343592259e-04,	2.5001958992e+00,	4.9999079129e+02,	5.0000920871e+02,	-3.6834828379e-04
3.8440000000e-01,	1.4339909722e-04,	2.5001959135e+00,	4.9999079602e+02,	5.0000920398e+02,	-3.6815911050e-04
3.8450000000e-01,	1.4336229077e-04,	2.5001959279e+00,	4.9999080075e+02,	5.0000919925e+02,	-3.6797008295e-04
3.8460000000e-01,	1.4332550320e-04,	2.5001959422e+00,	4.9999080547e+02,	5.0000919453e+02,	-3.6778120099e-04
3.8470000000e-01,	1.4328873452e-04,	2.5001959565e+00,	4.9999081019e+02,	5.0000918981e+02,	-3.6759246447e-04
3.8480000000e-01,	1.4325198471e-04,	2.5001959709e+00,	4.9999081490e+02,	5.0000918510e+02,	-3.6740387324e-04
3.8490000000e-01,	1.4321525374e-04,	2.5001959852e+00,	4.9999081961e+02,	5.0000918039e+02,	-3.6721542715e-04
3.8500000000e-01,	1.4317854162e-04,	2.5001959995e+00,	4.9999082432e+02,	5.0000917568e+02,	-3.6702712606e-04
3.8510000000e-01,	1.4314184831e-04,	2.5001960138e+00,	4.9999082903e+02,	5.0000917097e+02,	-3.6683896981e-04
3.8520000000e-01,	1.4310517382e-04,	2.5001960281e+00,	4.9999083373e+02,	5.0000916627e+02,	-3.6665095826e-04
3.8530000000e-01,	1.4306851812e-04,	2.5001960424e+00,	4.9999083842e+02,	5.0000916158e+02,	-3.6646309125e-04
3.8540000000e-01,	1.4303188119e-04,	2.5001960568e+00,	4.9999084312e+02,	5.0000915688e+02,	-3.6627536864e-04
3.8550000000e-01,	1.4299526304e-04,	2.5001960711e+00,	4.9999084781e+02,	5.0000915219e+02,	-3.6608779029e-04
3.8560000000e-01,	1.4295866363e-04,	2.5001960854e+00,	4.9999085249e+02,	5.0000914751e+02,	-3.6590035605e-04
3.8570000000e-01,	1.4292208296e-04,	2.5001960996e+00,	4.9999085717e+02,	5.0000914283e+02,	-3.6571306574e-04
3.8580000000e-01,	1.4288552101e-04,	2.5001961139e+00,	4.9999086185e+02,	5.0000913815e+02,	-3.6552591925e-04
3.8590000000e-01,	1.4284897777e-04,	2.5001961282e+00,	4.9999086653e+02,	5.0000913347e+02,	-3.6533891643e-04
3.8600000000e-01,	1.4281245322e-04,	2.5001961425e+00,	4.9999087120e+02,	5.0000912880e+02,	-3.6515205712e-04
3.8610000000e-01,	1.4277594736e-04,	2.5001961568e+00,	4.9999087587e+02,	5.0000912413e+02,	-3.6496534117e-04
3.8620000000e-01,	1.4273946015e-04,	2.5001961711e+00,	4.9999088053e+02,	5.0000911947e+02,	-3.6477876845e-04
3.8630000000e-01,	1.4270299160e-04,	2.5001961853e+00,	4.9999088519e+02,	5.0000911481e+02,	-3.6459233880e-04
3.8640000000e-01,	1.4266654168e-04,	2.5001961996e+00,	4.9999088985e+02,	5.0000911015e+02,	-3.6440605208e-04
3.8650000000e-01,	1.4263011038e-04,	2.5001962139e+00,	4.9999089450e+02,	5.0000910550e+02,	-3.6421990814e-04
3.8660000000e-01,	1.4259369769e-04,	2.5001962281e+00,	4.9999089915e+02,	5.0000910085e+02,	-3.6403390684e-04
3.8670000000e-01,	1.4255730360e-04,	2.5001962424e+00,	4.9999090380e+02,	5.0000909620e+02,	-3.6384804802e-04
3.8680000000e-01,	1.4252092808e-04,	2.5001962566e+00,	4.9999090844e+02,	5.0000909156e+02,	-3.6366233156e-04
3.8690000000e-01,	1.4248457113e-04,	2.5001962709e+00,	4.9999091308e+02,	5.0000908692e+02,	-3.6347675729e-04
3.8700000000e-01,	1.4244823272e-04,	2.5001962851e+00,	4.9999091772e+02,	5.0000908228e+02,	-3.6329132507e-04
3.8710000000e-01,	1.4241191286e-04,	2.5001962994e+00,	4.9999092235e+02,	5.0000907765e+02,	-3.6310603476e-04
3.8720000000e-01,	1.4237561151e-04,	2.5001963136e+00,	4.9999092698e+02,	5.0000907302e+02,	-3.6292088622e-04
3.8730000000e-01,	1.4233932867e-04,	2.5001963279e+00,	4.9999093160e+02,	5.0000906840e+02,	-3.6273587930e-04
3.8740000000e-01,	1.4230306433e-04,	2.5001963421e+00,	4.9999093622e+02,	5.0000906378e+02,	-3.6255101385e-04
3.8750000000e-01,	1.4226681847e-04,	2.5001963563e+00,	4.9999094084e+02,	5.0000905916e+02,	-3.6236628974e-04
3.8760000000e-01,	1.4223059107e-04,	2.5001963705e+00,	4.9999094546e+02,	5.0000905454e+02,	-3.6218170681e-04
3.8770000000e-01,	1.4219438212e-04,	2.5001963848e+00,	4.9999095007e+02,	5.0000904993e+02,	-3.6199726492e-04
3.8780000000e-01,	1.4215819161e-04,	2.5001963990e+00,	4.9999095468e+02,	5.0000904532e+02,	-3.6181296393e-04
3.8790000000e-01,	1.4212201952e-04,	2.5001964132e+00,	4.9999095928e+02,	5.0000904072e+02,	-3.6162880370e-04
3.8800000000e-01,	1.4208586584e-04,	2.5001964274e+00,	4.9999096388e+02,	5.0000903612e+02,	-3.6144478408e-04
3.8810000000e-01,	1.4204973056e-04,	2.5001964416e+00,	4.9999096848e+02,	5.0000903152e+02,	-3.6126090493e-04
3.8820000000e-01,	1.4201361366e-04,	2.5001964558e+00,	4.9999097307e+02,	5.0000902693e+02,	-3.6107716611e-04
3.8830000000e-01,	1.4197751512e-04,	2.5001964700e+00,	4.9999097766e+02,	5.0000902234e+02,	-3.6089356747e-04
3.8840000000e-01,	1.4194143494e-04,	2.5001964842e+00,	4.9999098225e+02,	5.0000901775e+02,	-3.6071010887e-04
3.8850000000e-01,	1.4190537310e-04,	2.5001964984e+00,	4.9999098683e+02,	5.0000901317e+02,	-3.6052679017e-04
3.8860000000e-01,	1.4186932958e-04,	2.5001965126e+00,	4.9999099141e+02,	5.0000900859e+02,	-3.6034361123e-04
3.8870000000e-01,	1.4183330437e-04,	2.5001965268e+00,	4.9999099599e+02,	5.0000900401e+02,	-3.6016057189e-04
3.8880000000e-01,	1.4179729746e-04,	2.5001965410e+00,	4.9999100056e+02,	5.0000899944e+02,	-3.5997767204e-04
3.8890000000e-01,	1.4176130883e-04,	2.5001965551e+00,	4.9999100513e+02,	5.0000899487e+02,	-3.5979491151e-04
3.8900000000e-01,	1.4172533847e-04,	2.5001965693e+00,	4.9999100969e+02,	5.0000899031e+02,	-3.5961229017e-04
3.8910000000e-01,	1.4168938637e-04,	2.5001965835e+00,	4.9999101425e+02,	5.0000898575e+02,	-3.5942980788e-04
3.8920000000e-01,	1.4165345251e-04,	2.5001965976e+00,	4.9999101881e+02,	5.0000898119e+02,	-3.5924746449e-04
3.8930000000e-01,	1.4161753687e-04,	2.5001966118e+00,	4.9999102337e+02,	5.0000897663e+02,	-3.5906525987e-04
3.8940000000e-01,	1.4158163945e-04,	2.5001966260e+00,	4.9999102792e+02,	5.0000897208e+02,	-3.5888319388e-04
3.8950000000e-01,	1.4154576023e-04,	2.5001966401e+00,	4.9999103247e+02,	5.0000896753e+02,	-3.5870126637e-04
3.8960000000e-01,	1.4150989919e-04,	2.5001966543e+00,	4.9999103701e+02,	5.0000896299e+02,	-3.5851947720e-04
3.8970000000e-01,	1.4147405633e-04,	2.5001966684e+00,	4.9999104155e+02,	5.0000895845e+02,	-3.5833782624e-04
3.8980000000e-01,	1.4143823162e-04,	2.5001966826e+00,	4.9999104609e+02,	5.0000895391e+02,	-3.5815631334e-04
3.8990000000e-01,	1.4140242506e-04,	2.5001966967e+00,	4.9999105063e+02,	5.0000894937e+02,	-3.5797493836e-04
3.9000000000e-01,	1.4136663663e-04,	2.5001967109e+00,	4.9999105516e+02,	5.0000894484e+02,	-3.5779370117e-04
3.9010000000e-01,	1.4133086631e-04,	2.5001967250e+00,	4.9999105968e+02,	5.0000894031e+02,	-3.5761260162e-04
3.9020000000e-01,	1.4129511410e-04,	2.5001967391e+00,	4.9999106421e+02,	5.0000893579e+02,	-3.5743163958e-04
3.9030000000e-01,	1.4125937998e-04,	2.5001967532e+00,	4.9999106873e+02,	5.0000893127e+02,	-3.5725081489e-04
3.9040000000e-01,	1.4122366394e-04,	2.5001967674e+00,	4.9999107325e+02,	5.0000892675e+02,	-3.5707012745e-04
3.9050000000e-01,	1.4118796595e-04,	2.5001967815e+00,	4.9999107776e+02,	5.0000892224e+02,	-3.5688957708e-04
3.9060000000e-01,	1.4115228602e-04,	2.5001967956e+00,	4.9999108227e+02,	5.0000891773e+02,	-3.5670916366e-04
3.9070000000e-01,	1.4111662412e-04,	2.5001968097e+00,	4.9999108678e+02,	5.0000891322e+02,	-3.5652888707e-04
3.9080000000e-01,	1.4108098023e-04,	2.5001968238e+00,	4.9999109128e+02,	5.0000890872e+02,	-3.5634874712e-04
3.9090000000e-01,	1.4104535436e-04,	2.5001968379e+00,	4.9999109578e+02,	5.0000890422e+02,	-3.5616874374e-04
3.9100000000e-01,	1.4100974648e-04,	2.5001968520e+00,	4.9999110028e+02,	5.0000889972e+02,	-3.5598887668e-04
3.9110000000e-01,	1.4097415658e-04,	2.5001968661e+00,	4.9999110477e+02,	5.0000889523e+02,	-3.5580914594e-04
3.9120000000e-01,	1.4093858465e-04,	2.5001968802e+00,	4.9999110926e+02,	5.0000889074e+02,	-3.5562955133e-04
3.9130000000e-01,	1.4090303067e-04,	2.5001968943e+00,	4.9999111375e+02,	5.0000888625e+02,	-3.5545009269e-04
3.9140000000e-01,	1.4086749462e-04,	2.5001969084e+00,	4.9999111823e+02,	5.0000888177e+02,	-3.5527076989e-04
3.9150000000e-01,	1.4083197651e-04,	2.5001969225e+00,	4.9999112271e+02,	5.0000887729e+02,	-3.5509158280e-04
3.9160000000e-01,	1.4079647630e-04,	2.5001969366e+00,	4.9999112719e+02,	5.0000887281e+02,	-3.5491253128e-04
3.9170000000e-01,	1.4076099400e-04,	2.5001969507e+00,	4.9999113166e+02,	5.0000886834e+02,	-3.5473361520e-04
3.9180000000e-01,	1.4072552958e-04,	2.5001969647e+00,	4.9999113613e+02,	5.0000886387e+02,	-3.5455483441e-04
3.9190000000e-01,	1.4069008303e-04,	2.5001969788e+00,	4.9999114060e+02,	5.0000885940e+02,	-3.5437618879e-04
3.9200000000e-01,	1.4065465433e-04,	2.5001969929e+00,	4.9999114506e+02,	5.0000885494e+02,	-3.5419767819e-04
3.9210000000e-01,	1.4061924349e-04,	2.5001970069e+00,	4.9999114952e+02,	5.0000885048e+02,	-3.5401930248e-04
3.9220000000e-01,	1.4058385047e-04,	2.5001970210e+00,	4.9999115397e+02,	5.0000884603e+02,	-3.5384106153e-04
3.9230000000e-01,	1.4054847527e-04,	2.5001970351e+00,	4.9999115843e+02,	5.0000884157e+02,	-3.5366295519e-04
3.9240000000e-01,	1.4051311787e-04,	2.5001970491e+00,	4.9999116288e+02,	5.0000883712e+02,	-3.5348498334e-04
3.9250000000e-01,	1.4047777827e-04,	2.5001970632e+00,	4.9999116732e+02,	5.0000883268e+02,	-3.5330714583e-04
3.9260000000e-01,	1.4044245644e-04,	2.5001970772e+00,	4.9999117176e+02,	5.0000882824e+02,	-3.5312944253e-04
3.9270000000e-01,	1.4040715237e-04,	2.5001970912e+00,	4.9999117620e+02,	5.0000882380e+02,	-3.5295187331e-04
3.9280000000e-01,	1.4037186606e-04,	2.5001971053e+00,	4.9999118064e+02,	5.0000881936e+02,	-3.5277443803e-04
3.9290000000e-01,	1.4033659748e-04,	2.5001971193e+00,	4.9999118507e+02,	5.0000881493e+02,	-3.5259713656e-04
3.9300000000e-01,	1.4030134663e-04,	2.5001971334e+00,	4.9999118950e+02,	5.0000881050e+02,	-3.5241996876e-04
3.9310000000e-01,	1.4026611348e-04,	2.5001971474e+00,	4.9999119393e+02,	5.0000880607e+02,	-3.5224293450e-04
3.9320000000e-01,	1.4023089804e-04,	2.5001971614e+00,	4.9999119835e+02,	5.0000880165e+02,	-3.5206603364e-04
3.9330000000e-01,	1.4019570027e-04,	2.5001971754e+00,	4.9999120277e+02,	5.0000879723e+02,	-3.5188926605e-04
3.9340000000e-01,	1.4016052018e-04,	2.5001971894e+00,	4.9999120718e+02,	5.0000879282e+02,	-3.5171263160e-04
3.9350000000e-01,	1.4012535774e-04,	2.5001972035e+00,	4.9999121160e+02,	5.0000878840e+02,	-3.5153613015e-04
3.9360000000e-01,	1.4009021295e-04,	2.5001972175e+00,	4.9999121601e+02,	5.0000878399e+02,	-3.5135976157e-04
3.9370000000e-01,	1.4005508579e-04,	2.5001972315e+00,	4.9999122041e+02,	5.0000877959e+02,	-3.5118352572e-04
3.9380000000e-01,	1.4001997624e-04,	2.5001972455e+00,	4.9999122481e+02,	5.0000877519e+02,	-3.5100742248e-04
3.9390000000e-01,	1.3998488430e-04,	2.5001972595e+00,	4.9999122921e+02,	5.0000877079e+02,	-3.5083145171e-04
3.9400000000e-01,	1.3994980994e-04,	2.5001972735e+00,	4.9999123361e+02,	5.0000876639e+02,	-3.5065561327e-04
3.9410000000e-01,	1.3991475317e-04,	2.5001972875e+00,	4.9999123800e+02,	5.0000876200e+02,	-3.5047990703e-04
3.9420000000e-01,	1.3987971396e-04,	2.5001973015e+00,	4.9999124239e+02,	5.0000875761e+02,	-3.5030433287e-04
3.9430000000e-01,	1.3984469230e-04,	2.5001973154e+00,	4.9999124678e+02,	5.0000875322e+02,	-3.5012889064e-04
3.9440000000e-01,	1.3980968818e-04,	2.5001973294e+00,	4.9999125116e+02,	5.0000874884e+02,	-3.4995358022e-04
3.9450000000e-01,	1.3977470158e-04,	2.5001973434e+00,	4.9999125554e+02,	5.0000874446e+02,	-3.4977840147e-04
3.9460000000e-01,	1.3973973249e-04,	2.5001973574e+00,	4.9999125992e+02,	5.0000874008e+02,	-3.4960335427e-04
3.9470000000e-01,	1.3970478090e-04,	2.5001973714e+00,	4.9999126429e+02,	5.0000873571e+02,	-3.4942843848e-04
3.9480000000e-01,	1.3966984680e-04,	2.5001973853e+00,	4.9999126866e+02,	5.0000873134e+02,	-3.4925365397e-04
3.9490000000e-01,	1.3963493017e-04,	2.5001973993e+00,	4.9999127302e+02,	5.0000872697e+02,	-3.4907900061e-04
3.9500000000e-01,	1.3960003100e-04,	2.5001974133e+00,	4.9999127739e+02,	5.0000872261e+02,	-3.4890447826e-04
3.9510000000e-01,	1.3956514927e-04,	2.5001974272e+00,	4.9999128175e+02,	5.0000871825e+02,	-3.4873008679e-04
3.9520000000e-01,	1.3953028497e-04,	2.5001974412e+00,	4.9999128610e+02,	5.0000871390e+02,	-3.4855582608e-04
3.9530000000e-01,	1.3949543810e-04,	2.5001974551e+00,	4.9999129046e+02,	5.0000870954e+02,	-3.4838169600e-04
3.9540000000e-01,	1.3946060863e-04,	2.5001974691e+00,	4.9999129481e+02,	5.0000870519e+02,	-3.4820769640e-04
3.9550000000e-01,	1.3942579655e-04,	2.5001974830e+00,	4.9999129915e+02,	5.0000870085e+02,	-3.4803382718e-04
3.9560000000e-01,	1.3939100186e-04,	2.5001974970e+00,	4.9999130350e+02,	5.0000869650e+02,	-3.4786008818e-04
3.9570000000e-01,	1.3935622453e-04,	2.5001975109e+00,	4.9999130784e+02,	5.0000869216e+02,	-3.4768647929e-04
3.9580000000e-01,	1.3932146456e-04,	2.5001975248e+00,	4.9999131217e+02,	5.0000868782e+02,	-3.4751300037e-04
3.9590000000e-01,	1.3928672193e-04,	2.5001975388e+00,	4.9999131651e+02,	5.0000868349e+02,	-3.4733965129e-04
3.9600000000e-01,	1.3925199663e-04,	2.5001975527e+00,	4.9999132084e+02,	5.0000867916e+02,	-3.4716643193e-04
3.9610000000e-01,	1.3921728864e-04,	2.5001975666e+00,	4.9999132517e+02,	5.0000867483e+02,	-3.4699334215e-04
3.9620000000e-01,	1.3918259795e-04,	2.5001975805e+00,	4.9999132949e+02,	5.0000867051e+02,	-3.4682038182e-04
3.9630000000e-01,	1.3914792456e-04,	2.5001975944e+00,	4.9999133381e+02,	5.0000866619e+02,	-3.4664755083e-04
3.9640000000e-01,	1.3911326844e-04,	2.5001976084e+00,	4.9999133813e+02,	5.0000866187e+02,	-3.4647484902e-04
3.9650000000e-01,	1.3907862958e-04,	2.5001976223e+00,	4.9999134244e+02,	5.0000865756e+02,	-3.4630227629e-04
3.9660000000e-01,	1.3904400798e-04,	2.5001976362e+00,	4.9999134675e+02,	5.0000865325e+02,	-3.4612983249e-04
3.9670000000e-01,	1.3900940361e-04,	2.5001976501e+00,	4.9999135106e+02,	5.0000864894e+02,	-3.4595751750e-04
3.9680000000e-01,	1.3897481647e-04,	2.5001976640e+00,	4.9999135537e+02,	5.0000864463e+02,	-3.4578533120e-04
3.9690000000e-01,	1.3894024654e-04,	2.5001976779e+00,	4.9999135967e+02,	5.0000864033e+02,	-3.4561327345e-04
3.9700000000e-01,	1.3890569381e-04,	2.5001976918e+00,	4.9999136397e+02,	5.0000863603e+02,	-3.4544134413e-04
3.9710000000e-01,	1.3887115827e-04,	2.5001977056e+00,	4.9999136826e+02,	5.0000863174e+02,	-3.4526954311e-04
3.9720000000e-01,	1.3883663990e-04,	2.5001977195e+00,	4.9999137255e+02,	5.0000862745e+02,	-3.4509787026e-04
3.9730000000e-01,	1.3880213869e-04,	2.5001977334e+00,	4.9999137684e+02,	5.0000862316e+02,	-3.4492632545e-04
3.9740000000e-01,	1.3876765463e-04,	2.5001977473e+00,	4.9999138113e+02,	5.0000861887e+02,	-3.4475490856e-04
3.9750000000e-01,	1.3873318770e-04,	2.5001977612e+00,	4.9999138541e+02,	5.0000861459e+02,	-3.4458361946e-04
3.9760000000e-01,	1.3869873790e-04,	2.5001977750e+00,	4.9999138969e+02,	5.0000861031e+02,	-3.4441245801e-04
3.9770000000e-01,	1.3866430521e-04,	2.5001977889e+00,	4.9999139396e+02,	5.0000860604e+02,	-3.4424142411e-04
3.9780000000e-01,	1.3862988961e-04,	2.5001978028e+00,	4.9999139824e+02,	5.0000860176e+02,	-3.4407051760e-04
3.9790000000e-01,	1.3859549110e-04,	2.5001978166e+00,	4.9999140251e+02,	5.0000859749e+02,	-3.4389973839e-04
3.9800000000e-01,	1.3856110966e-04,	2.5001978305e+00,	4.9999140677e+02,	5.0000859323e+02,	-3.4372908633e-04
3.9810000000e-01,	1.3852674528e-04,	2.5001978443e+00,	4.9999141104e+02,	5.0000858896e+02,	-3.4355856130e-04
3.9820000000e-01,	1.3849239794e-04,	2.5001978582e+00,	4.9999141530e+02,	5.0000858470e+02,	-3.4338816317e-04
3.9830000000e-01,	1.3845806764e-04,	2.5001978720e+00,	4.9999141955e+02,	5.0000858045e+02,	-3.4321789182e-04
3.9840000000e-01,	1.3842375436e-04,	2.5001978859e+00,	4.9999142381e+02,	5.0000857619e+02,	-3.4304774712e-04
3.9850000000e-01,	1.3838945809e-04,	2.5001978997e+00,	4.9999142806e+02,	5.0000857194e+02,	-3.4287772894e-04
3.9860000000e-01,	1.3835517881e-04,	2.5001979136e+00,	4.9999143230e+02,	5.0000856770e+02,	-3.4270783717e-04
3.9870000000e-01,	1.3832091652e-04,	2.5001979274e+00,	4.9999143655e+02,	5.0000856345e+02,	-3.4253807167e-04
3.9880000000e-01,	1.3828667119e-04,	2.5001979412e+00,	4.9999144079e+02,	5.0000855921e+02,	-3.4236843232e-04
3.9890000000e-01,	1.3825244283e-04,	2.5001979551e+00,	4.9999144503e+02,	5.0000855497e+02,	-3.4219891900e-04
3.9900000000e-01,	1.3821823140e-04,	2.5001979689e+00,	4.9999144926e+02,	5.0000855074e+02,	-3.4202953157e-04
3.9910000000e-01,	1.3818403692e-04,	2.5001979827e+00,	4.9999145349e+02,	5.0000854651e+02,	-3.4186026992e-04
3.9920000000e-01,	1.3814985935e-04,	2.5001979965e+00,	4.9999145772e+02,	5.0000854228e+02,	-3.4169113393e-04
3.9930000000e-01,	1.3811569868e-04,	2.5001980103e+00,	4.9999146195e+02,	5.0000853805e+02,	-3.4152212346e-04
3.9940000000e-01,	1.3808155492e-04,	2.5001980241e+00,	4.9999146617e+02,	5.0000853383e+02,	-3.4135323838e-04
3.9950000000e-01,	1.3804742803e-04,	2.5001980379e+00,	4.9999147039e+02,	5.0000852961e+02,	-3.4118447860e-04
3.9960000000e-01,	1.3801331802e-04,	2.5001980518e+00,	4.9999147460e+02,	5.0000852540e+02,	-3.4101584396e-04
3.9970000000e-01,	1.3797922486e-04,	2.5001980655e+00,	4.9999147882e+02,	5.0000852118e+02,	-3.4084733434e-04
3.9980000000e-01,	1.3794514855e-04,	2.5001980793e+00,	4.9999148303e+02,	5.0000851697e+02,	-3.4067894965e-04
3.9990000000e-01,	1.3791108907e-04,	2.5001980931e+00,	4.9999148723e+02,	5.0000851277e+02,	-3.4051068973e-04
4.0000000000e-01,	1.3787704640e-04,	2.5001981069e+00,	4.9999149144e+02,	5.0000850856e+02,	-3.4034255447e-04
4.0010000000e-01,	1.3784302055e-04,	2.5001981207e+00,	4.9999149564e+02,	5.0000850436e+02,	-3.4017454375e-04
4.0020000000e-01,	1.3780901149e-04,	2.5001981345e+00,	4.9999149983e+02,	5.0000850017e+02,	-3.4000665745e-04
4.0030000000e-01,	1.3777501922e-04,	2.5001981483e+00,	4.9999150403e+02,	5.0000849597e+02,	-3.3983889543e-04
4.0040000000e-01,	1.3774104371e-04,	2.5001981621e+00,	4.9999150822e+02,	5.0000849178e+02,	-3.3967125758e-04
4.0050000000e-01,	1.3770708496e-04,	2.5001981758e+00,	4.9999151241e+02,	5.0000848759e+02,	-3.3950374378e-04
4.0060000000e-01,	1.3767314296e-04,	2.5001981896e+00,	4.9999151659e+02,	5.0000848341e+02,	-3.3933635391e-04
4.0070000000e-01,	1.3763921768e-04,	2.5001982034e+00,	4.9999152077e+02,	5.0000847923e+02,	-3.3916908783e-04
4.0080000000e-01,	1.3760530913e-04,	2.5001982171e+00,	4.9999152495e+02,	5.0000847505e+02,	-3.3900194544e-04
4.0090000000e-01,	1.3757141729e-04,	2.5001982309e+00,	4.9999152913e+02,	5.0000847087e+02,	-3.3883492659e-04
4.0100000000e-01,	1.3753754214e-04,	2.5001982446e+00,	4.9999153330e+02,	5.0000846670e+02,	-3.3866803119e-04
4.0110000000e-01,	1.3750368368e-04,	2.5001982584e+00,	4.9999153747e+02,	5.0000846253e+02,	-3.3850125910e-04
4.0120000000e-01,	1.3746984189e-04,	2.5001982721e+00,	4.9999154163e+02,	5.0000845837e+02,	-3.3833461020e-04
4.0130000000e-01,	1.3743601675e-04,	2.5001982859e+00,	4.9999154580e+02,	5.0000845420e+02,	-3.3816808438e-04
4.0140000000e-01,	1.3740220827e-04,	2.5001982996e+00,	4.9999154996e+02,	5.0000845004e+02,	-3.3800168150e-04
4.0150000000e-01,	1.3736841641e-04,	2.5001983134e+00,	4.9999155411e+02,	5.0000844588e+02,	-3.3783540145e-04
4.0160000000e-01,	1.3733464118e-04,	2.5001983271e+00,	4.9999155827e+02,	5.0000844173e+02,	-3.3766924411e-04
4.0170000000e-01,	1.3730088256e-04,	2.5001983408e+00,	4.9999156242e+02,	5.0000843758e+02,	-3.3750320936e-04
4.0180000000e-01,	1.3726714054e-04,	2.5001983546e+00,	4.9999156657e+02,	5.0000843343e+02,	-3.3733729707e-04
4.0190000000e-01,	1.3723341510e-04,	2.5001983683e+00,	4.9999157071e+02,	5.0000842929e+02,	-3.3717150713e-04
4.0200000000e-01,	1.3719970623e-04,	2.5001983820e+00,	4.9999157485e+02,	5.0000842515e+02,	-3.3700583941e-04
4.0210000000e-01,	1.3716601393e-04,	2.5001983957e+00,	4.9999157899e+02,	5.0000842101e+02,	-3.3684029381e-04
4.0220000000e-01,	1.3713233817e-04,	2.5001984094e+00,	4.9999158313e+02,	5.0000841687e+02,	-3.3667487018e-04
4.0230000000e-01,	1.3709867895e-04,	2.5001984231e+00,	4.9999158726e+02,	5.0000841274e+02,	-3.3650956842e-04
4.0240000000e-01,	1.3706503625e-04,	2.5001984369e+00,	4.9999159139e+02,	5.0000840861e+02,	-3.3634438841e-04
4.0250000000e-01,	1.3703141007e-04,	2.5001984506e+00,	4.9999159552e+02,	5.0000840448e+02,	-3.3617933002e-04
4.0260000000e-01,	1.3699780038e-04,	2.5001984643e+00,	4.9999159964e+02,	5.0000840036e+02,	-3.3601439315e-04
4.0270000000e-01,	1.3696420718e-04,	2.5001984780e+00,	4.9999160376e+02,	5.0000839624e+02,	-3.3584957766e-04
4.0280000000e-01,	1.3693063046e-04,	2.5001984917e+00,	4.9999160788e+02,	5.0000839212e+02,	-3.3568488342e-04
4.0290000000e-01,	1.3689707020e-04,	2.5001985053e+00,	4.9999161199e+02,	5.0000838801e+02,	-3.3552031035e-04
4.0300000000e-01,	1.3686352640e-04,	2.5001985190e+00,	4.9999161610e+02,	5.0000838390e+02,	-3.3535585831e-04
4.0310000000e-01,	1.3682999903e-04,	2.5001985327e+00,	4.9999162021e+02,	5.0000837979e+02,	-3.3519152718e-04
4.0320000000e-01,	1.3679648809e-04,	2.5001985464e+00,	4.9999162432e+02,	5.0000837568e+02,	-3.3502731685e-04
4.0330000000e-01,	1.3676299356e-04,	2.5001985601e+00,	4.9999162842e+02,	5.0000837158e+02,	-3.3486322719e-04
4.0340000000e-01,	1.3672951544e-04,	2.5001985738e+00,	4.9999163252e+02,	5.0000836748e+02,	-3.3469925808e-04
4.0350000000e-01,	1.3669605370e-04,	2.5001985874e+00,	4.9999163661e+02,	5.0000836339e+02,	-3.3453540942e-04
4.0360000000e-01,	1.3666260835e-04,	2.5001986011e+00,	4.9999164071e+02,	5.0000835929e+02,	-3.3437168107e-04
4.0370000000e-01,	1.3662917936e-04,	2.5001986148e+00,	4.9999164480e+02,	5.0000835520e+02,	-3.3420807293e-04
4.0380000000e-01,	1.3659576673e-04,	2.5001986284e+00,	4.9999164889e+02,	5.0000835111e+02,	-3.3404458488e-04
4.0390000000e-01,	1.3656237044e-04,	2.5001986421e+00,	4.9999165297e+02,	5.0000834703e+02,	-3.3388121679e-04
4.0400000000e-01,	1.3652899048e-04,	2.5001986557e+00,	4.9999165705e+02,	5.0000834295e+02,	-3.3371796855e-04
4.0410000000e-01,	1.3649562685e-04,	2.5001986694e+00,	4.9999166113e+02,	5.0000833887e+02,	-3.3355484005e-04
4.0420000000e-01,	1.3646227951e-04,	2.5001986830e+00,	4.9999166520e+02,	5.0000833480e+02,	-3.3339183116e-04
4.0430000000e-01,	1.3642894848e-04,	2.5001986967e+00,	4.9999166928e+02,	5.0000833072e+02,	-3.3322894178e-04
4.0440000000e-01,	1.3639563372e-04,	2.5001987103e+00,	4.9999167335e+02,	5.0000832665e+02,	-3.3306617177e-04
4.0450000000e-01,	1.3636233524e-04,	2.5001987240e+00,	4.9999167741e+02,	5.0000832259e+02,	-3.3290352103e-04
4.0460000000e-01,	1.3632905301e-04,	2.5001987376e+00,	4.9999168148e+02,	5.0000831852e+02,	-3.3274098944e-04
4.0470000000e-01,	1.3629578703e-04,	2.5001987512e+00,	4.9999168554e+02,	5.0000831446e+02,	-3.3257857688e-04
4.0480000000e-01,	1.3626253729e-04,	2.5001987648e+00,	4.9999168959e+02,	5.0000831041e+02,	-3.3241628324e-04
4.0490000000e-01,	1.3622930377e-04,	2.5001987785e+00,	4.9999169365e+02,	5.0000830635e+02,	-3.3225410839e-04
4.0500000000e-01,	1.3619608647e-04,	2.5001987921e+00,	4.9999169770e+02,	5.0000830230e+02,	-3.3209205224e-04
4.0510000000e-01,	1.3616288536e-04,	2.5001988057e+00,	4.9999170175e+02,	5.0000829825e+02,	-3.3193011465e-04
4.0520000000e-01,	1.3612970044e-04,	2.5001988193e+00,	4.9999170579e+02,	5.0000829421e+02,	-3.3176829552e-04
4.0530000000e-01,	1.3609653170e-04,	2.5001988329e+00,	4.9999170984e+02,	5.0000829016e+02,	-3.3160659472e-04
4.0540000000e-01,	1.3606337912e-04,	2.5001988465e+00,	4.9999171387e+02,	5.0000828613e+02,	-3.3144501215e-04
4.0550000000e-01,	1.3603024269e-04,	2.5001988602e+00,	4.9999171791e+02,	5.0000828209e+02,	-3.3128354768e-04
4.0560000000e-01,	1.3599712240e-04,	2.5001988738e+00,	4.9999172194e+02,	5.0000827805e+02,	-3.3112220120e-04
4.0570000000e-01,	1.3596401825e-04,	2.5001988873e+00,	4.9999172598e+02,	5.0000827402e+02,	-3.3096097260e-04
4.0580000000e-01,	1.3593093021e-04,	2.5001989009e+00,	4.9999173000e+02,	5.0000827000e+02,	-3.3079986177e-04
4.0590000000e-01,	1.3589785827e-04,	2.5001989145e+00,	4.9999173403e+02,	5.0000826597e+02,	-3.3063886858e-04
4.0600000000e-01,	1.3586480243e-04,	2.5001989281e+00,	4.9999173805e+02,	5.0000826195e+02,	-3.3047799291e-04
4.0610000000e-01,	1.3583176267e-04,	2.5001989417e+00,	4.9999174207e+02,	5.0000825793e+02,	-3.3031723468e-04
4.0620000000e-01,	1.3579873898e-04,	2.5001989553e+00,	4.9999174609e+02,	5.0000825391e+02,	-3.3015659375e-04
4.0630000000e-01,	1.3576573134e-04,	2.5001989689e+00,	4.9999175010e+02,	5.0000824990e+02,	-3.2999607000e-04
4.0640000000e-01,	1.3573273976e-04,	2.5001989824e+00,	4.9999175411e+02,	5.0000824589e+02,	-3.2983566333e-04
4.0650000000e-01,	1.3569976421e-04,	2.5001989960e+00,	4.9999175812e+02,	5.0000824188e+02,	-3.2967537363e-04
4.0660000000e-01,	1.3566680468e-04,	2.5001990096e+00,	4.9999176212e+02,	5.0000823788e+02,	-3.2951520077e-04
4.0670000000e-01,	1.3563386116e-04,	2.5001990231e+00,	4.9999176612e+02,	5.0000823388e+02,	-3.2935514465e-04
4.0680000000e-01,	1.3560093365e-04,	2.5001990367e+00,	4.9999177012e+02,	5.0000822988e+02,	-3.2919520514e-04
4.0690000000e-01,	1.3556802212e-04,	2.5001990503e+00,	4.9999177412e+02,	5.0000822588e+02,	-3.2903538215e-04
4.0700000000e-01,	1.3553512657e-04,	2.5001990638e+00,	4.9999177811e+02,	5.0000822189e+02,	-3.2887567555e-04
4.0710000000e-01,	1.3550224698e-04,	2.5001990774e+00,	4.9999178210e+02,	5.0000821790e+02,	-3.2871608523e-04
4.0720000000e-01,	1.3546938335e-04,	2.5001990909e+00,	4.9999178608e+02,	5.0000821392e+02,	-3.2855661108e-04
4.0730000000e-01,	1.3543653565e-04,	2.5001991045e+00,	4.9999179007e+02,	5.0000820993e+02,	-3.2839725299e-04
4.0740000000e-01,	1.3540370389e-04,	2.5001991180e+00,	4.9999179405e+02,	5.0000820595e+02,	-3.2823801084e-04
4.0750000000e-01,	1.3537088805e-04,	2.5001991316e+00,	4.9999179803e+02,	5.0000820197e+02,	-3.2807888453e-04
4.0760000000e-01,	1.3533808811e-04,	2.5001991451e+00,	4.9999180200e+02,	5.0000819800e+02,	-3.2791987393e-04
4.0770000000e-01,	1.3530530407e-04,	2.5001991586e+00,	4.9999180598e+02,	5.0000819402e+02,	-3.2776097894e-04
4.0780000000e-01,	1.3527253591e-04,	2.5001991721e+00,	4.9999180994e+02,	5.0000819005e+02,	-3.2760219944e-04
4.0790000000e-01,	1.3523978363e-04,	2.5001991857e+00,	4.9999181391e+02,	5.0000818609e+02,	-3.2744353533e-04
4.0800000000e-01,	1.3520704720e-04,	2.5001991992e+00,	4.9999181788e+02,	5.0000818212e+02,	-3.2728498648e-04
4.0810000000e-01,	1.3517432662e-04,	2.5001992127e+00,	4.9999182184e+02,	5.0000817816e+02,	-3.2712655280e-04
4.0820000000e-01,	1.3514162189e-04,	2.5001992262e+00,	4.9999182579e+02,	5.0000817421e+02,	-3.2696823416e-04
4.0830000000e-01,	1.3510893297e-04,	2.5001992397e+00,	4.9999182975e+02,	5.0000817025e+02,	-3.2681003046e-04
4.0840000000e-01,	1.3507625988e-04,	2.5001992533e+00,	4.9999183370e+02,	5.0000816630e+02,	-3.2665194158e-04
4.0850000000e-01,	1.3504360258e-04,	2.5001992668e+00,	4.9999183765e+02,	5.0000816235e+02,	-3.2649396742e-04
4.0860000000e-01,	1.3501096108e-04,	2.5001992803e+00,	4.9999184160e+02,	5.0000815840e+02,	-3.2633610786e-04
4.0870000000e-01,	1.3497833536e-04,	2.5001992938e+00,	4.9999184554e+02,	5.0000815446e+02,	-3.2617836280e-04
4.0880000000e-01,	1.3494572540e-04,	2.5001993073e+00,	4.9999184948e+02,	5.0000815052e+02,	-3.2602073211e-04
4.0890000000e-01,	1.3491313121e-04,	2.5001993207e+00,	4.9999185342e+02,	5.0000814658e+02,	-3.2586321570e-04
4.0900000000e-01,	1.3488055276e-04,	2.5001993342e+00,	4.9999185735e+02,	5.0000814265e+02,	-3.2570581345e-04
4.0910000000e-01,	1.3484799004e-04,	2.5001993477e+00,	4.9999186129e+02,	5.0000813871e+02,	-3.2554852524e-04
4.0920000000e-01,	1.3481544305e-04,	2.5001993612e+00,	4.9999186522e+02,	5.0000813478e+02,	-3.2539135098e-04
4.0930000000e-01,	1.3478291177e-04,	2.5001993747e+00,	4.9999186914e+02,	5.0000813086e+02,	-3.2523429053e-04
4.0940000000e-01,	1.3475039619e-04,	2.5001993882e+00,	4.9999187307e+02,	5.0000812693e+02,	-3.2507734380e-04
4.0950000000e-01,	1.3471789629e-04,	2.5001994016e+00,	4.9999187699e+02,	5.0000812301e+02,	-3.2492051066e-04
4.0960000000e-01,	1.3468541208e-04,	2.5001994151e+00,	4.9999188091e+02,	5.0000811909e+02,	-3.2476379107e-04
4.0970000000e-01,	1.3465294353e-04,	2.5001994286e+00,	4.9999188482e+02,	5.0000811518e+02,	-3.2460718487e-04
4.0980000000e-01,	1.3462049064e-04,	2.5001994420e+00,	4.9999188873e+02,	5.0000811127e+02,	-3.2445069193e-04
4.0990000000e-01,	1.3458805339e-04,	2.5001994555e+00,	4.9999189264e+02,	5.0000810736e+02,	-3.2429431217e-04
4.1000000000e-01,	1.3455563177e-04,	2.5001994690e+00,	4.9999189655e+02,	5.0000810345e+02,	-3.2413804547e-04
4.1010000000e-01,	1.3452322578e-04,	2.5001994824e+00,	4.9999190045e+02,	5.0000809955e+02,	-3.2398189173e-04
4.1020000000e-01,	1.3449083539e-04,	2.5001994959e+00,	4.9999190435e+02,	5.0000809565e+02,	-3.2382585083e-04
4.1030000000e-01,	1.3445846060e-04,	2.5001995093e+00,	4.9999190825e+02,	5.0000809175e+02,	-3.2366992266e-04
4.1040000000e-01,	1.3442610140e-04,	2.5001995228e+00,	4.9999191215e+02,	5.0000808785e+02,	-3.2351410713e-04
4.1050000000e-01,	1.3439375778e-04,	2.5001995362e+00,	4.9999191604e+02,	5.0000808396e+02,	-3.2335840412e-04
4.1060000000e-01,	1.3436142972e-04,	2.5001995496e+00,	4.9999191993e+02,	5.0000808007e+02,	-3.2320281351e-04
4.1070000000e-01,	1.3432911721e-04,	2.5001995631e+00,	4.9999192382e+02,	5.0000807618e+02,	-3.2304733521e-04
4.1080000000e-01,	1.3429682025e-04,	2.5001995765e+00,	4.9999192770e+02,	5.0000807230e+02,	-3.2289196909e-04
4.1090000000e-01,	1.3426453881e-04,	2.5001995899e+00,	4.9999193158e+02,	5.0000806842e+02,	-3.2273671508e-04
4.1100000000e-01,	1.3423227290e-04,	2.5001996034e+00,	4.9999193546e+02,	5.0000806454e+02,	-3.2258157303e-04
4.1110000000e-01,	1.3420002249e-04,	2.5001996168e+00,	4.9999193934e+02,	5.0000806066e+02,	-3.2242654286e-04
4.1120000000e-01,	1.3416778759e-04,	2.5001996302e+00,	4.9999194321e+02,	5.0000805679e+02,	-3.2227162445e-04
4.1130000000e-01,	1.3413556817e-04,	2.5001996436e+00,	4.9999194708e+02,	5.0000805292e+02,	-3.2211681770e-04
4.1140000000e-01,	1.3410336422e-04,	2.5001996570e+00,	4.9999195095e+02,	5.0000804905e+02,	-3.2196212249e-04
4.1150000000e-01,	1.3407117574e-04,	2.5001996704e+00,	4.9999195481e+02,	5.0000804519e+02,	-3.2180753873e-04
4.1160000000e-01,	1.3403900271e-04,	2.5001996838e+00,	4.9999195867e+02,	5.0000804133e+02,	-3.2165306631e-04
4.1170000000e-01,	1.3400684512e-04,	2.5001996972e+00,	4.9999196253e+02,	5.0000803747e+02,	-3.2149870511e-04
4.1180000000e-01,	1.3397470296e-04,	2.5001997106e+00,	4.9999196639e+02,	5.0000803361e+02,	-3.2134445503e-04
4.1190000000e-01,	1.3394257623e-04,	2.5001997240e+00,	4.9999197024e+02,	5.0000802976e+02,	-3.2119031596e-04
4.1200000000e-01,	1.3391046490e-04,	2.5001997374e+00,	4.9999197409e+02,	5.0000802591e+02,	-3.2103628781e-04
4.1210000000e-01,	1.3387836897e-04,	2.5001997508e+00,	4.9999197794e+02,	5.0000802206e+02,	-3.2088237045e-04
4.1220000000e-01,	1.3384628842e-04,	2.5001997642e+00,	4.9999198179e+02,	5.0000801821e+02,	-3.2072856379e-04
4.1230000000e-01,	1.3381422325e-04,	2.5001997776e+00,	4.9999198563e+02,	5.0000801437e+02,	-3.2057486772e-04
4.1240000000e-01,	1.3378217344e-04,	2.5001997910e+00,	4.9999198947e+02,	5.0000801053e+02,	-3.2042128213e-04
4.1250000000e-01,	1.3375013899e-04,	2.5001998043e+00,	4.9999199330e+02,	5.0000800670e+02,	-3.2026780692e-04
4.1260000000e-01,	1.3371811988e-04,	2.5001998177e+00,	4.9999199714e+02,	5.0000800286e+02,	-3.2011444198e-04
4.1270000000e-01,	1.3368611610e-04,	2.5001998311e+00,	4.9999200097e+02,	5.0000799903e+02,	-3.1996118721e-04
4.1280000000e-01,	1.3365412764e-04,	2.5001998444e+00,	4.9999200480e+02,	5.0000799520e+02,	-3.1980804250e-04
4.1290000000e-01,	1.3362215448e-04,	2.5001998578e+00,	4.9999200862e+02,	5.0000799138e+02,	-3.1965500773e-04
4.1300000000e-01,	1.3359019663e-04,	2.5001998712e+00,	4.9999201245e+02,	5.0000798755e+02,	-3.1950208282e-04
4.1310000000e-01,	1.3355825406e-04,	2.5001998845e+00,	4.9999201627e+02,	5.0000798373e+02,	-3.1934926766e-04
4.1320000000e-01,	1.3352632677e-04,	2.5001998979e+00,	4.9999202009e+02,	5.0000797991e+02,	-3.1919656213e-04
4.1330000000e-01,	1.3349441475e-04,	2.5001999112e+00,	4.9999202390e+02,	5.0000797610e+02,	-3.1904396614e-04
4.1340000000e-01,	1.3346251798e-04,	2.5001999246e+00,	4.9999202771e+02,	5.0000797229e+02,	-3.1889147958e-04
4.1350000000e-01,	1.3343063645e-04,	2.5001999379e+00,	4.9999203152e+02,	5.0000796848e+02,	-3.1873910234e-04
4.1360000000e-01,	1.3339877015e-04,	2.5001999513e+00,	4.9999203533e+02,	5.0000796467e+02,	-3.1858683432e-04
4.1370000000e-01,	1.3336691908e-04,	2.5001999646e+00,	4.9999203913e+02,	5.0000796087e+02,	-3.1843467542e-04
4.1380000000e-01,	1.3333508321e-04,	2.5001999779e+00,	4.9999204293e+02,	5.0000795707e+02,	-3.1828262553e-04
4.1390000000e-01,	1.3330326255e-04,	2.5001999913e+00,	4.9999204673e+02,	5.0000795327e+02,	-3.1813068455e-04
4.1400000000e-01,	1.3327145707e-04,	2.5002000046e+00,	4.9999205053e+02,	5.0000794947e+02,	-3.1797885237e-04
4.1410000000e-01,	1.3323966678e-04,	2.5002000179e+00,	4.9999205432e+02,	5.0000794568e+02,	-3.1782712889e-04
4.1420000000e-01,	1.3320789164e-04,	2.5002000313e+00,	4.9999205811e+02,	5.0000794189e+02,	-3.1767551401e-04
4.1430000000e-01,	1.3317613167e-04,	2.5002000446e+00,	4.9999206190e+02,	5.0000793810e+02,	-3.1752400762e-04
4.1440000000e-01,	1.3314438684e-04,	2.5002000579e+00,	4.9999206568e+02,	5.0000793432e+02,	-3.1737260962e-04
4.1450000000e-01,	1.3311265714e-04,	2.5002000712e+00,	4.9999206947e+02,	5.0000793053e+02,	-3.1722131991e-04
4.1460000000e-01,	1.3308094257e-04,	2.5002000845e+00,	4.9999207325e+02,	5.0000792675e+02,	-3.1707013837e-04
4.1470000000e-01,	1.3304924311e-04,	2.5002000978e+00,	4.9999207702e+02,	5.0000792298e+02,	-3.1691906492e-04
4.1480000000e-01,	1.3301755875e-04,	2.5002001111e+00,	4.9999208080e+02,	5.0000791920e+02,	-3.1676809944e-04
4.1490000000e-01,	1.3298588949e-04,	2.5002001244e+00,	4.9999208457e+02,	5.0000791543e+02,	-3.1661724183e-04
4.1500000000e-01,	1.3295423530e-04,	2.5002001377e+00,	4.9999208834e+02,	5.0000791166e+02,	-3.1646649200e-04
4.1510000000e-01,	1.3292259619e-04,	2.5002001510e+00,	4.9999209210e+02,	5.0000790790e+02,	-3.1631584983e-04
4.1520000000e-01,	1.3289097213e-04,	2.5002001643e+00,	4.9999209587e+02,	5.0000790413e+02,	-3.1616531523e-04
4.1530000000e-01,	1.3285936312e-04,	2.5002001776e+00,	4.9999209963e+02,	5.0000790037e+02,	-3.1601488809e-04
4.1540000000e-01,	1.3282776915e-04,	2.5002001909e+00,	4.9999210339e+02,	5.0000789661e+02,	-3.1586456831e-04
4.1550000000e-01,	1.3279619020e-04,	2.5002002042e+00,	4.9999210714e+02,	5.0000789286e+02,	-3.1571435579e-04
4.1560000000e-01,	1.3276462627e-04,	2.5002002174e+00,	4.9999211089e+02,	5.0000788911e+02,	-3.1556425043e-04
4.1570000000e-01,	1.3273307735e-04,	2.5002002307e+00,	4.9999211464e+02,	5.0000788536e+02,	-3.1541425211e-04
4.1580000000e-01,	1.3270154342e-04,	2.5002002440e+00,	4.9999211839e+02,	5.0000788161e+02,	-3.1526436076e-04
4.1590000000e-01,	1.3267002447e-04,	2.5002002572e+00,	4.9999212214e+02,	5.0000787786e+02,	-3.1511457625e-04
4.1600000000e-01,	1.3263852050e-04,	2.5002002705e+00,	4.9999212588e+02,	5.0000787412e+02,	-3.1496489849e-04
4.1610000000e-01,	1.3260703149e-04,	2.5002002838e+00,	4.9999212962e+02,	5.0000787038e+02,	-3.1481532739e-04
4.1620000000e-01,	1.3257555743e-04,	2.5002002970e+00,	4.9999213335e+02,	5.0000786665e+02,	-3.1466586282e-04
4.1630000000e-01,	1.3254409831e-04,	2.5002003103e+00,	4.9999213709e+02,	5.0000786291e+02,	-3.1451650470e-04
4.1640000000e-01,	1.3251265413e-04,	2.5002003235e+00,	4.9999214082e+02,	5.0000785918e+02,	-3.1436725293e-04
4.1650000000e-01,	1.3248122486e-04,	2.5002003368e+00,	4.9999214455e+02,	5.0000785545e+02,	-3.1421810740e-04
4.1660000000e-01,	1.3244981050e-04,	2.5002003500e+00,	4.9999214827e+02,	5.0000785173e+02,	-3.1406906801e-04
4.1670000000e-01,	1.3241841104e-04,	2.5002003633e+00,	4.9999215200e+02,	5.0000784800e+02,	-3.1392013466e-04
4.1680000000e-01,	1.3238702647e-04,	2.5002003765e+00,	4.9999215572e+02,	5.0000784428e+02,	-3.1377130726e-04
4.1690000000e-01,	1.3235565678e-04,	2.5002003898e+00,	4.9999215944e+02,	5.0000784056e+02,	-3.1362258569e-04
4.1700000000e-01,	1.3232430195e-04,	2.5002004030e+00,	4.9999216315e+02,	5.0000783685e+02,	-3.1347396987e-04
4.1710000000e-01,	1.3229296198e-04,	2.5002004162e+00,	4.9999216686e+02,	5.0000783314e+02,	-3.1332545969e-04
4.1720000000e-01,	1.3226163686e-04,	2.5002004295e+00,	4.9999217057e+02,	5.0000782943e+02,	-3.1317705504e-04
4.1730000000e-01,	1.3223032657e-04,	2.5002004427e+00,	4.9999217428e+02,	5.0000782572e+02,	-3.1302875584e-04
4.1740000000e-01,	1.3219903110e-04,	2.5002004559e+00,	4.9999217799e+02,	5.0000782201e+02,	-3.1288056197e-04
4.1750000000e-01,	1.3216775045e-04,	2.5002004691e+00,	4.9999218169e+02,	5.0000781831e+02,	-3.1273247335e-04
4.1760000000e-01,	1.3213648460e-04,	2.5002004823e+00,	4.9999218539e+02,	5.0000781461e+02,	-3.1258448987e-04
4.1770000000e-01,	1.3210523355e-04,	2.5002004955e+00,	4.9999218908e+02,	5.0000781092e+02,	-3.1243661142e-04
4.1780000000e-01,	1.3207399728e-04,	2.5002005088e+00,	4.9999219278e+02,	5.0000780722e+02,	-3.1228883792e-04
4.1790000000e-01,	1.3204277578e-04,	2.5002005220e+00,	4.9999219647e+02,	5.0000780353e+02,	-3.1214116926e-04
4.1800000000e-01,	1.3201156904e-04,	2.5002005352e+00,	4.9999220016e+02,	5.0000779984e+02,	-3.1199360535e-04
4.1810000000e-01,	1.3198037705e-04,	2.5002005484e+00,	4.9999220385e+02,	5.0000779615e+02,	-3.1184614608e-04
4.1820000000e-01,	1.3194919981e-04,	2.5002005616e+00,	4.9999220753e+02,	5.0000779247e+02,	-3.1169879135e-04
4.1830000000e-01,	1.3191803729e-04,	2.5002005748e+00,	4.9999221121e+02,	5.0000778879e+02,	-3.1155154107e-04
4.1840000000e-01,	1.3188688949e-04,	2.5002005879e+00,	4.9999221489e+02,	5.0000778511e+02,	-3.1140439513e-04
4.1850000000e-01,	1.3185575641e-04,	2.5002006011e+00,	4.9999221857e+02,	5.0000778143e+02,	-3.1125735345e-04
4.1860000000e-01,	1.3182463802e-04,	2.5002006143e+00,	4.9999222224e+02,	5.0000777776e+02,	-3.1111041592e-04
4.1870000000e-01,	1.3179353432e-04,	2.5002006275e+00,	4.9999222591e+02,	5.0000777409e+02,	-3.1096358244e-04
4.1880000000e-01,	1.3176244530e-04,	2.5002006407e+00,	4.9999222958e+02,	5.0000777042e+02,	-3.1081685291e-04
4.1890000000e-01,	1.3173137095e-04,	2.5002006538e+00,	4.9999223324e+02,	5.0000776676e+02,	-3.1067022724e-04
4.1900000000e-01,	1.3170031125e-04,	2.5002006670e+00,	4.9999223691e+02,	5.0000776309e+02,	-3.1052370533e-04
4.1910000000e-01,	1.3166926620e-04,	2.5002006802e+00,	4.9999224057e+02,	5.0000775943e+02,	-3.1037728707e-04
4.1920000000e-01,	1.3163823579e-04,	2.5002006934e+00,	4.9999224423e+02,	5.0000775577e+02,	-3.1023097238e-04
4.1930000000e-01,	1.3160722001e-04,	2.5002007065e+00,	4.9999224788e+02,	5.0000775212e+02,	-3.1008476115e-04
4.1940000000e-01,	1.3157621884e-04,	2.5002007197e+00,	4.9999225153e+02,	5.0000774847e+02,	-3.0993865329e-04
4.1950000000e-01,	1.3154523227e-04,	2.5002007328e+00,	4.9999225518e+02,	5.0000774482e+02,	-3.0979264870e-04
4.1960000000e-01,	1.3151426030e-04,	2.5002007460e+00,	4.9999225883e+02,	5.0000774117e+02,	-3.0964674728e-04
4.1970000000e-01,	1.3148330292e-04,	2.5002007591e+00,	4.9999226248e+02,	5.0000773752e+02,	-3.0950094894e-04
4.1980000000e-01,	1.3145236011e-04,	2.5002007723e+00,	4.9999226612e+02,	5.0000773388e+02,	-3.0935525357e-04
4.1990000000e-01,	1.3142143186e-04,	2.5002007854e+00,	4.9999226976e+02,	5.0000773024e+02,	-3.0920966109e-04
4.2000000000e-01,	1.3139051817e-04,	2.5002007986e+00,	4.9999227340e+02,	5.0000772660e+02,	-3.0906417139e-04
4.2010000000e-01,	1.3135961903e-04,	2.5002008117e+00,	4.9999227703e+02,	5.0000772297e+02,	-3.0891878437e-04
4.2020000000e-01,	1.3132873441e-04,	2.5002008248e+00,	4.9999228066e+02,	5.0000771934e+02,	-3.0877349995e-04
4.2030000000e-01,	1.3129786432e-04,	2.5002008380e+00,	4.9999228429e+02,	5.0000771571e+02,	-3.0862831803e-04
4.2040000000e-01,	1.3126700875e-04,	2.5002008511e+00,	4.9999228792e+02,	5.0000771208e+02,	-3.0848323850e-04
4.2050000000e-01,	1.3123616767e-04,	2.5002008642e+00,	4.9999229154e+02,	5.0000770846e+02,	-3.0833826125e-04
4.2060000000e-01,	1.3120534109e-04,	2.5002008773e+00,	4.9999229517e+02,	5.0000770483e+02,	-3.0819338622e-04
4.2070000000e-01,	1.3117452899e-04,	2.5002008905e+00,	4.9999229878e+02,	5.0000770122e+02,	-3.0804861330e-04
4.2080000000e-01,	1.3114373136e-04,	2.5002009036e+00,	4.9999230240e+02,	5.0000769760e+02,	-3.0790394240e-04
4.2090000000e-01,	1.3111294820e-04,	2.5002009167e+00,	4.9999230602e+02,	5.0000769398e+02,	-3.0775937342e-04
4.2100000000e-01,	1.3108217949e-04,	2.5002009298e+00,	4.9999230963e+02,	5.0000769037e+02,	-3.0761490625e-04
4.2110000000e-01,	1.3105142521e-04,	2.5002009429e+00,	4.9999231324e+02,	5.0000768676e+02,	-3.0747054081e-04
4.2120000000e-01,	1.3102068537e-04,	2.5002009560e+00,	4.9999231684e+02,	5.0000768316e+02,	-3.0732627700e-04
4.2130000000e-01,	1.3098995996e-04,	2.5002009691e+00,	4.9999232045e+02,	5.0000767955e+02,	-3.0718211473e-04
4.2140000000e-01,	1.3095924895e-04,	2.5002009822e+00,	4.9999232405e+02,	5.0000767595e+02,	-3.0703805390e-04
4.2150000000e-01,	1.3092855234e-04,	2.5002009953e+00,	4.9999232765e+02,	5.0000767235e+02,	-3.0689409441e-04
4.2160000000e-01,	1.3089787013e-04,	2.5002010084e+00,	4.9999233124e+02,	5.0000766876e+02,	-3.0675023616e-04
4.2170000000e-01,	1.3086720229e-04,	2.5002010215e+00,	4.9999233484e+02,	5.0000766516e+02,	-3.0660647908e-04
4.2180000000e-01,	1.3083654883e-04,	2.5002010346e+00,	4.9999233843e+02,	5.0000766157e+02,	-3.0646282305e-04
4.2190000000e-01,	1.3080590972e-04,	2.5002010476e+00,	4.9999234202e+02,	5.0000765798e+02,	-3.0631926799e-04
4.2200000000e-01,	1.3077528497e-04,	2.5002010607e+00,	4.9999234560e+02,	5.0000765440e+02,	-3.0617581380e-04
4.2210000000e-01,	1.3074467456e-04,	2.5002010738e+00,	4.9999234919e+02,	5.0000765081e+02,	-3.0603246039e-04
4.2220000000e-01,	1.3071407847e-04,	2.5002010869e+00,	4.9999235277e+02,	5.0000764723e+02,	-3.0588920765e-04
4.2230000000e-01,	1.3068349671e-04,	2.5002010999e+00,	4.9999235635e+02,	5.0000764365e+02,	-3.0574605550e-04
4.2240000000e-01,	1.3065292926e-04,	2.5002011130e+00,	4.9999235992e+02,	5.0000764008e+02,	-3.0560300385e-04
4.2250000000e-01,	1.3062237611e-04,	2.5002011261e+00,	4.9999236350e+02,	5.0000763650e+02,	-3.0546005260e-04
4.2260000000e-01,	1.3059183725e-04,	2.5002011391e+00,	4.9999236707e+02,	5.0000763293e+02,	-3.0531720165e-04
4.2270000000e-01,	1.3056131266e-04,	2.5002011522e+00,	4.9999237064e+02,	5.0000762936e+02,	-3.0517445091e-04
4.2280000000e-01,	1.3053080235e-04,	2.5002011652e+00,	4.9999237420e+02,	5.0000762579e+02,	-3.0503180029e-04
4.2290000000e-01,	1.3050030630e-04,	2.5002011783e+00,	4.9999237777e+02,	5.0000762223e+02,	-3.0488924968e-04
4.2300000000e-01,	1.3046982450e-04,	2.5002011913e+00,	4.9999238133e+02,	5.0000761867e+02,	-3.0474679902e-04
4.2310000000e-01,	1.3043935694e-04,	2.5002012044e+00,	4.9999238489e+02,	5.0000761511e+02,	-3.0460444819e-04
4.2320000000e-01,	1.3040890361e-04,	2.5002012174e+00,	4.9999238845e+02,	5.0000761155e+02,	-3.0446219710e-04
4.2330000000e-01,	1.3037846450e-04,	2.5002012305e+00,	4.9999239200e+02,	5.0000760800e+02,	-3.0432004566e-04
4.2340000000e-01,	1.3034803959e-04,	2.5002012435e+00,	4.9999239555e+02,	5.0000760445e+02,	-3.0417799378e-04
4.2350000000e-01,	1.3031762889e-04,	2.5002012565e+00,	4.9999239910e+02,	5.0000760090e+02,	-3.0403604137e-04
4.2360000000e-01,	1.3028723238e-04,	2.5002012696e+00,	4.9999240265e+02,	5.0000759735e+02,	-3.0389418833e-04
4.2370000000e-01,	1.3025685005e-04,	2.5002012826e+00,	4.9999240619e+02,	5.0000759381e+02,	-3.0375243456e-04
4.2380000000e-01,	1.3022648189e-04,	2.5002012956e+00,	4.9999240973e+02,	5.0000759027e+02,	-3.0361077998e-04
4.2390000000e-01,	1.3019612789e-04,	2.5002013086e+00,	4.9999241327e+02,	5.0000758673e+02,	-3.0346922449e-04
4.2400000000e-01,	1.3016578804e-04,	2.5002013217e+00,	4.9999241681e+02,	5.0000758319e+02,	-3.0332776801e-04
4.2410000000e-01,	1.3013546234e-04,	2.5002013347e+00,	4.9999242034e+02,	5.0000757966e+02,	-3.0318641043e-04
4.2420000000e-01,	1.3010515076e-04,	2.5002013477e+00,	4.9999242387e+02,	5.0000757613e+02,	-3.0304515167e-04
4.2430000000e-01,	1.3007485330e-04,	2.5002013607e+00,	4.9999242740e+02,	5.0000757260e+02,	-3.0290399164e-04
4.2440000000e-01,	1.3004456996e-04,	2.5002013737e+00,	4.9999243093e+02,	5.0000756907e+02,	-3.0276293024e-04
4.2450000000e-01,	1.3001430071e-04,	2.5002013867e+00,	4.9999243445e+02,	5.0000756555e+02,	-3.0262196737e-04
4.2460000000e-01,	1.2998404556e-04,	2.5002013997e+00,	4.9999243797e+02,	5.0000756203e+02,	-3.0248110295e-04
4.2470000000e-01,	1.2995380449e-04,	2.5002014127e+00,	4.9999244149e+02,	5.0000755851e+02,	-3.0234033690e-04
4.2480000000e-01,	1.2992357749e-04,	2.5002014257e+00,	4.9999244501e+02,	5.0000755499e+02,	-3.0219966911e-04
4.2490000000e-01,	1.2989336455e-04,	2.5002014387e+00,	4.9999244852e+02,	5.0000755148e+02,	-3.0205909949e-04
4.2500000000e-01,	1.2986316567e-04,	2.5002014517e+00,	4.9999245203e+02,	5.0000754797e+02,	-3.0191862796e-04
4.2510000000e-01,	1.2983298082e-04,	2.5002014647e+00,	4.9999245554e+02,	5.0000754446e+02,	-3.0177825441e-04
4.2520000000e-01,	1.2980281001e-04,	2.5002014776e+00,	4.9999245905e+02,	5.0000754095e+02,	-3.0163797877e-04
4.2530000000e-01,	1.2977265322e-04,	2.5002014906e+00,	4.9999246255e+02,	5.0000753744e+02,	-3.0149780094e-04
4.2540000000e-01,	1.2974251045e-04,	2.5002015036e+00,	4.9999246606e+02,	5.0000753394e+02,	-3.0135772082e-04
4.2550000000e-01,	1.2971238168e-04,	2.5002015166e+00,	4.9999246956e+02,	5.0000753044e+02,	-3.0121773833e-04
4.2560000000e-01,	1.2968226690e-04,	2.5002015295e+00,	4.9999247305e+02,	5.0000752695e+02,	-3.0107785339e-04
4.2570000000e-01,	1.2965216610e-04,	2.5002015425e+00,	4.9999247655e+02,	5.0000752345e+02,	-3.0093806588e-04
4.2580000000e-01,	1.2962207928e-04,	2.5002015555e+00,	4.9999248004e+02,	5.0000751996e+02,	-3.0079837573e-04
4.2590000000e-01,	1.2959200642e-04,	2.5002015684e+00,	4.9999248353e+02,	5.0000751647e+02,	-3.0065878285e-04
4.2600000000e-01,	1.2956194752e-04,	2.5002015814e+00,	4.9999248702e+02,	5.0000751298e+02,	-3.0051928714e-04
4.2610000000e-01,	1.2953190256e-04,	2.5002015943e+00,	4.9999249050e+02,	5.0000750950e+02,	-3.0037988851e-04
4.2620000000e-01,	1.2950187154e-04,	2.5002016073e+00,	4.9999249399e+02,	5.0000750601e+02,	-3.0024058688e-04
4.2630000000e-01,	1.2947185444e-04,	2.5002016202e+00,	4.9999249747e+02,	5.0000750253e+02,	-3.0010138216e-04
4.2640000000e-01,	1.2944185126e-04,	2.5002016332e+00,	4.9999250094e+02,	5.0000749906e+02,	-2.9996227425e-04
4.2650000000e-01,	1.2941186199e-04,	2.5002016461e+00,	4.9999250442e+02,	5.0000749558e+02,	-2.9982326306e-04
4.2660000000e-01,	1.2938188661e-04,	2.5002016591e+00,	4.9999250789e+02,	5.0000749211e+02,	-2.9968434850e-04
4.2670000000e-01,	1.2935192511e-04,	2.5002016720e+00,	4.9999251136e+02,	5.0000748864e+02,	-2.9954553050e-04
4.2680000000e-01,	1.2932197750e-04,	2.5002016849e+00,	4.9999251483e+02,	5.0000748517e+02,	-2.9940680895e-04
4.2690000000e-01,	1.2929204375e-04,	2.5002016979e+00,	4.9999251830e+02,	5.0000748170e+02,	-2.9926818377e-04
4.2700000000e-01,	1.2926212386e-04,	2.5002017108e+00,	4.9999252176e+02,	5.0000747824e+02,	-2.9912965487e-04
4.2710000000e-01,	1.2923221781e-04,	2.5002017237e+00,	4.9999252522e+02,	5.0000747478e+02,	-2.9899122215e-04
4.2720000000e-01,	1.2920232561e-04,	2.5002017367e+00,	4.9999252868e+02,	5.0000747132e+02,	-2.9885288554e-04
4.2730000000e-01,	1.2917244723e-04,	2.5002017496e+00,	4.9999253213e+02,	5.0000746787e+02,	-2.9871464493e-04
4.2740000000e-01,	1.2914258268e-04,	2.5002017625e+00,	4.9999253559e+02,	5.0000746441e+02,	-2.9857650025e-04
4.2750000000e-01,	1.2911273193e-04,	2.5002017754e+00,	4.9999253904e+02,	5.0000746096e+02,	-2.9843845140e-04
4.2760000000e-01,	1.2908289498e-04,	2.5002017883e+00,	4.9999254249e+02,	5.0000745751e+02,	-2.9830049829e-04
4.2770000000e-01,	1.2905307183e-04,	2.5002018012e+00,	4.9999254593e+02,	5.0000745407e+02,	-2.9816264084e-04
4.2780000000e-01,	1.2902326245e-04,	2.5002018141e+00,	4.9999254938e+02,	5.0000745062e+02,	-2.9802487896e-04
4.2790000000e-01,	1.2899346685e-04,	2.5002018270e+00,	4.9999255282e+02,	5.0000744718e+02,	-2.9788721254e-04
4.2800000000e-01,	1.2896368501e-04,	2.5002018399e+00,	4.9999255626e+02,	5.0000744374e+02,	-2.9774964153e-04
4.2810000000e-01,	1.2893391692e-04,	2.5002018528e+00,	4.9999255970e+02,	5.0000744030e+02,	-2.9761216582e-04
4.2820000000e-01,	1.2890416257e-04,	2.5002018657e+00,	4.9999256313e+02,	5.0000743687e+02,	-2.9747478532e-04
4.2830000000e-01,	1.2887442196e-04,	2.5002018786e+00,	4.9999256656e+02,	5.0000743344e+02,	-2.9733749995e-04
4.2840000000e-01,	1.2884469507e-04,	2.5002018915e+00,	4.9999256999e+02,	5.0000743001e+02,	-2.9720030961e-04
4.2850000000e-01,	1.2881498189e-04,	2.5002019044e+00,	4.9999257342e+02,	5.0000742658e+02,	-2.9706321423e-04
4.2860000000e-01,	1.2878528242e-04,	2.5002019172e+00,	4.9999257684e+02,	5.0000742316e+02,	-2.9692621372e-04
4.2870000000e-01,	1.2875559664e-04,	2.5002019301e+00,	4.9999258027e+02,	5.0000741973e+02,	-2.9678930797e-04
4.2880000000e-01,	1.2872592456e-04,	2.5002019430e+00,	4.9999258369e+02,	5.0000741631e+02,	-2.9665249692e-04
4.2890000000e-01,	1.2869626614e-04,	2.5002019559e+00,	4.9999258711e+02,	5.0000741289e+02,	-2.9651578046e-04
4.2900000000e-01,	1.2866662140e-04,	2.5002019687e+00,	4.9999259052e+02,	5.0000740948e+02,	-2.9637915853e-04
4.2910000000e-01,	1.2863699031e-04,	2.5002019816e+00,	4.9999259393e+02,	5.0000740607e+02,	-2.9624263101e-04
4.2920000000e-01,	1.2860737287e-04,	2.5002019945e+00,	4.9999259735e+02,	5.0000740265e+02,	-2.9610619784e-04
4.2930000000e-01,	1.2857776906e-04,	2.5002020073e+00,	4.9999260075e+02,	5.0000739925e+02,	-2.9596985892e-04
4.2940000000e-01,	1.2854817889e-04,	2.5002020202e+00,	4.9999260416e+02,	5.0000739584e+02,	-2.9583361417e-04
4.2950000000e-01,	1.2851860234e-04,	2.5002020330e+00,	4.9999260756e+02,	5.0000739244e+02,	-2.9569746349e-04
4.2960000000e-01,	1.2848903940e-04,	2.5002020459e+00,	4.9999261096e+02,	5.0000738904e+02,	-2.9556140681e-04
4.2970000000e-01,	1.2845949005e-04,	2.5002020587e+00,	4.9999261436e+02,	5.0000738564e+02,	-2.9542544404e-04
4.2980000000e-01,	1.2842995430e-04,	2.5002020716e+00,	4.9999261776e+02,	5.0000738224e+02,	-2.9528957508e-04
4.2990000000e-01,	1.2840043214e-04,	2.5002020844e+00,	4.9999262115e+02,	5.0000737884e+02,	-2.9515379986e-04
4.3000000000e-01,	1.2837092354e-04,	2.5002020973e+00,	4.9999262455e+02,	5.0000737545e+02,	-2.9501811828e-04
4.3010000000e-01,	1.2834142851e-04,	2.5002021101e+00,	4.9999262794e+02,	5.0000737206e+02,	-2.9488253027e-04
4.3020000000e-01,	1.2831194703e-04,	2.5002021229e+00,	4.9999263132e+02,	5.0000736868e+02,	-2.9474703573e-04
4.3030000000e-01,	1.2828247910e-04,	2.5002021357e+00,	4.9999263471e+02,	5.0000736529e+02,	-2.9461163458e-04
4.3040000000e-01,	1.2825302470e-04,	2.5002021486e+00,	4.9999263809e+02,	5.0000736191e+02,	-2.9447632673e-04
4.3050000000e-01,	1.2822358383e-04,	2.5002021614e+00,	4.9999264147e+02,	5.0000735853e+02,	-2.9434111210e-04
4.3060000000e-01,	1.2819415648e-04,	2.5002021742e+00,	4.9999264485e+02,	5.0000735515e+02,	-2.9420599061e-04
4.3070000000e-01,	1.2816474263e-04,	2.5002021870e+00,	4.9999264823e+02,	5.0000735177e+02,	-2.9407096216e-04
4.3080000000e-01,	1.2813534228e-04,	2.5002021999e+00,	4.9999265160e+02,	5.0000734840e+02,	-2.9393602667e-04
4.3090000000e-01,	1.2810595542e-04,	2.5002022127e+00,	4.9999265497e+02,	5.0000734503e+02,	-2.9380118405e-04
4.3100000000e-01,	1.2807658204e-04,	2.5002022255e+00,	4.9999265834e+02,	5.0000734166e+02,	-2.9366643423e-04
4.3110000000e-01,	1.2804722213e-04,	2.5002022383e+00,	4.9999266171e+02,	5.0000733829e+02,	-2.9353177711e-04
4.3120000000e-01,	1.2801787568e-04,	2.5002022511e+00,	4.9999266507e+02,	5.0000733493e+02,	-2.9339721261e-04
4.3130000000e-01,	1.2798854269e-04,	2.5002022639e+00,	4.9999266843e+02,	5.0000733157e+02,	-2.9326274065e-04
4.3140000000e-01,	1.2795922313e-04,	2.5002022767e+00,	4.9999267179e+02,	5.0000732821e+02,	-2.9312836114e-04
4.3150000000e-01,	1.2792991701e-04,	2.5002022895e+00,	4.9999267515e+02,	5.0000732485e+02,	-2.9299407399e-04
4.3160000000e-01,	1.2790062431e-04,	2.5002023023e+00,	4.9999267850e+02,	5.0000732150e+02,	-2.9285987912e-04
4.3170000000e-01,	1.2787134503e-04,	2.5002023151e+00,	4.9999268186e+02,	5.0000731814e+02,	-2.9272577646e-04
4.3180000000e-01,	1.2784207915e-04,	2.5002023278e+00,	4.9999268521e+02,	5.0000731479e+02,	-2.9259176590e-04
4.3190000000e-01,	1.2781282667e-04,	2.5002023406e+00,	4.9999268855e+02,	5.0000731145e+02,	-2.9245784737e-04
4.3200000000e-01,	1.2778358758e-04,	2.5002023534e+00,	4.9999269190e+02,	5.0000730810e+02,	-2.9232402078e-04
4.3210000000e-01,	1.2775436187e-04,	2.5002023662e+00,	4.9999269524e+02,	5.0000730476e+02,	-2.9219028606e-04
4.3220000000e-01,	1.2772514952e-04,	2.5002023790e+00,	4.9999269858e+02,	5.0000730142e+02,	-2.9205664311e-04
4.3230000000e-01,	1.2769595054e-04,	2.5002023917e+00,	4.9999270192e+02,	5.0000729808e+02,	-2.9192309185e-04
4.3240000000e-01,	1.2766676490e-04,	2.5002024045e+00,	4.9999270526e+02,	5.0000729474e+02,	-2.9178963219e-04
4.3250000000e-01,	1.2763759261e-04,	2.5002024173e+00,	4.9999270859e+02,	5.0000729141e+02,	-2.9165626407e-04
4.3260000000e-01,	1.2760843364e-04,	2.5002024300e+00,	4.9999271193e+02,	5.0000728807e+02,	-2.9152298738e-04
4.3270000000e-01,	1.2757928801e-04,	2.5002024428e+00,	4.9999271525e+02,	5.0000728475e+02,	-2.9138980203e-04
4.3280000000e-01,	1.2755015568e-04,	2.5002024555e+00,	4.9999271858e+02,	5.0000728142e+02,	-2.9125670799e-04
4.3290000000e-01,	1.2752103666e-04,	2.5002024683e+00,	4.9999272191e+02,	5.0000727809e+02,	-2.9112370511e-04
4.3300000000e-01,	1.2749193094e-04,	2.5002024810e+00,	4.9999272523e+02,	5.0000727477e+02,	-2.9099079337e-04
4.3310000000e-01,	1.2746283850e-04,	2.5002024938e+00,	4.9999272855e+02,	5.0000727145e+02,	-2.9085797258e-04
4.3320000000e-01,	1.2743375934e-04,	2.5002025065e+00,	4.9999273187e+02,	5.0000726813e+02,	-2.9072524275e-04
4.3330000000e-01,	1.2740469345e-04,	2.5002025193e+00,	4.9999273518e+02,	5.0000726482e+02,	-2.9059260383e-04
4.3340000000e-01,	1.2737564082e-04,	2.5002025320e+00,	4.9999273850e+02,	5.0000726150e+02,	-2.9046005566e-04
4.3350000000e-01,	1.2734660143e-04,	2.5002025448e+00,	4.9999274181e+02,	5.0000725819e+02,	-2.9032759817e-04
4.3360000000e-01,	1.2731757529e-04,	2.5002025575e+00,	4.9999274512e+02,	5.0000725488e+02,	-2.9019523131e-04
4.3370000000e-01,	1.2728856238e-04,	2.5002025702e+00,	4.9999274843e+02,	5.0000725157e+02,	-2.9006295496e-04
4.3380000000e-01,	1.2725956270e-04,	2.5002025829e+00,	4.9999275173e+02,	5.0000724827e+02,	-2.8993076904e-04
4.3390000000e-01,	1.2723057623e-04,	2.5002025957e+00,	4.9999275503e+02,	5.0000724497e+02,	-2.8979867350e-04
4.3400000000e-01,	1.2720160296e-04,	2.5002026084e+00,	4.9999275833e+02,	5.0000724167e+02,	-2.8966666824e-04
4.3410000000e-01,	1.2717264289e-04,	2.5002026211e+00,	4.9999276163e+02,	5.0000723837e+02,	-2.8953475317e-04
4.3420000000e-01,	1.2714369601e-04,	2.5002026338e+00,	4.9999276493e+02,	5.0000723507e+02,	-2.8940292821e-04
4.3430000000e-01,	1.2711476230e-04,	2.5002026465e+00,	4.9999276822e+02,	5.0000723178e+02,	-2.8927119329e-04
4.3440000000e-01,	1.2708584177e-04,	2.5002026592e+00,	4.9999277151e+02,	5.0000722849e+02,	-2.8913954831e-04
4.3450000000e-01,	1.2705693439e-04,	2.5002026720e+00,	4.9999277480e+02,	5.0000722520e+02,	-2.8900799320e-04
4.3460000000e-01,	1.2702804016e-04,	2.5002026847e+00,	4.9999277809e+02,	5.0000722191e+02,	-2.8887652788e-04
4.3470000000e-01,	1.2699915908e-04,	2.5002026974e+00,	4.9999278137e+02,	5.0000721863e+02,	-2.8874515226e-04
4.3480000000e-01,	1.2697029113e-04,	2.5002027101e+00,	4.9999278465e+02,	5.0000721535e+02,	-2.8861386627e-04
4.3490000000e-01,	1.2694143631e-04,	2.5002027228e+00,	4.9999278793e+02,	5.0000721207e+02,	-2.8848266982e-04
4.3500000000e-01,	1.2691259459e-04,	2.5002027354e+00,	4.9999279121e+02,	5.0000720879e+02,	-2.8835156282e-04
4.3510000000e-01,	1.2688376599e-04,	2.5002027481e+00,	4.9999279449e+02,	5.0000720551e+02,	-2.8822054521e-04
4.3520000000e-01,	1.2685495048e-04,	2.5002027608e+00,	4.9999279776e+02,	5.0000720224e+02,	-2.8808961689e-04
4.3530000000e-01,	1.2682614806e-04,	2.5002027735e+00,	4.9999280103e+02,	5.0000719897e+02,	-2.8795877779e-04
4.3540000000e-01,	1.2679735872e-04,	2.5002027862e+00,	4.9999280430e+02,	5.0000719570e+02,	-2.8782802782e-04
4.3550000000e-01,	1.2676858245e-04,	2.5002027989e+00,	4.9999280757e+02,	5.0000719243e+02,	-2.8769736690e-04
4.3560000000e-01,	1.2673981925e-04,	2.5002028115e+00,	4.9999281083e+02,	5.0000718917e+02,	-2.8756679496e-04
4.3570000000e-01,	1.2671106909e-04,	2.5002028242e+00,	4.9999281409e+02,	5.0000718591e+02,	-2.8743631191e-04
4.3580000000e-01,	1.2668233198e-04,	2.5002028369e+00,	4.9999281735e+02,	5.0000718265e+02,	-2.8730591768e-04
4.3590000000e-01,	1.2665360791e-04,	2.5002028496e+00,	4.9999282061e+02,	5.0000717939e+02,	-2.8717561217e-04
4.3600000000e-01,	1.2662489686e-04,	2.5002028622e+00,	4.9999282387e+02,	5.0000717613e+02,	-2.8704539532e-04
4.3610000000e-01,	1.2659619882e-04,	2.5002028749e+00,	4.9999282712e+02,	5.0000717288e+02,	-2.8691526703e-04
4.3620000000e-01,	1.2656751380e-04,	2.5002028875e+00,	4.9999283037e+02,	5.0000716963e+02,	-2.8678522724e-04
4.3630000000e-01,	1.2653884178e-04,	2.5002029002e+00,	4.9999283362e+02,	5.0000716638e+02,	-2.8665527585e-04
4.3640000000e-01,	1.2651018274e-04,	2.5002029128e+00,	4.9999283686e+02,	5.0000716314e+02,	-2.8652541279e-04
4.3650000000e-01,	1.2648153669e-04,	2.5002029255e+00,	4.9999284011e+02,	5.0000715989e+02,	-2.8639563799e-04
4.3660000000e-01,	1.2645290361e-04,	2.5002029381e+00,	4.9999284335e+02,	5.0000715665e+02,	-2.8626595135e-04
4.3670000000e-01,	1.2642428350e-04,	2.5002029508e+00,	4.9999284659e+02,	5.0000715341e+02,	-2.8613635280e-04
4.3680000000e-01,	1.2639567634e-04,	2.5002029634e+00,	4.9999284983e+02,	5.0000715017e+02,	-2.8600684226e-04
4.3690000000e-01,	1.2636708213e-04,	2.5002029761e+00,	4.9999285306e+02,	5.0000714694e+02,	-2.8587741965e-04
4.3700000000e-01,	1.2633850085e-04,	2.5002029887e+00,	4.9999285630e+02,	5.0000714370e+02,	-2.8574808490e-04
4.3710000000e-01,	1.2630993251e-04,	2.5002030013e+00,	4.9999285953e+02,	5.0000714047e+02,	-2.8561883791e-04
4.3720000000e-01,	1.2628137708e-04,	2.5002030140e+00,	4.9999286276e+02,	5.0000713724e+02,	-2.8548967861e-04
4.3730000000e-01,	1.2625283457e-04,	2.5002030266e+00,	4.9999286598e+02,	5.0000713402e+02,	-2.8536060693e-04
4.3740000000e-01,	1.2622430496e-04,	2.5002030392e+00,	4.9999286921e+02,	5.0000713079e+02,	-2.8523162278e-04
4.3750000000e-01,	1.2619578824e-04,	2.5002030518e+00,	4.9999287243e+02,	5.0000712757e+02,	-2.8510272608e-04
4.3760000000e-01,	1.2616728441e-04,	2.5002030644e+00,	4.9999287565e+02,	5.0000712435e+02,	-2.8497391676e-04
4.3770000000e-01,	1.2613879345e-04,	2.5002030771e+00,	4.9999287887e+02,	5.0000712113e+02,	-2.8484519473e-04
4.3780000000e-01,	1.2611031537e-04,	2.5002030897e+00,	4.9999288209e+02,	5.0000711791e+02,	-2.8471655992e-04
4.3790000000e-01,	1.2608185014e-04,	2.5002031023e+00,	4.9999288530e+02,	5.0000711470e+02,	-2.8458801225e-04
4.3800000000e-01,	1.2605339776e-04,	2.5002031149e+00,	4.9999288851e+02,	5.0000711149e+02,	-2.8445955164e-04
4.3810000000e-01,	1.2602495823e-04,	2.5002031275e+00,	4.9999289172e+02,	5.0000710828e+02,	-2.8433117800e-04
4.3820000000e-01,	1.2599653152e-04,	2.5002031401e+00,	4.9999289493e+02,	5.0000710507e+02,	-2.8420289127e-04
4.3830000000e-01,	1.2596811764e-04,	2.5002031527e+00,	4.9999289813e+02,	5.0000710187e+02,	-2.8407469137e-04
4.3840000000e-01,	1.2593971658e-04,	2.5002031653e+00,	4.9999290134e+02,	5.0000709866e+02,	-2.8394657821e-04
4.3850000000e-01,	1.2591132833e-04,	2.5002031779e+00,	4.9999290454e+02,	5.0000709546e+02,	-2.8381855171e-04
4.3860000000e-01,	1.2588295287e-04,	2.5002031905e+00,	4.9999290773e+02,	5.0000709227e+02,	-2.8369061181e-04
4.3870000000e-01,	1.2585459020e-04,	2.5002032031e+00,	4.9999291093e+02,	5.0000708907e+02,	-2.8356275842e-04
4.3880000000e-01,	1.2582624031e-04,	2.5002032156e+00,	4.9999291413e+02,	5.0000708587e+02,	-2.8343499145e-04
4.3890000000e-01,	1.2579790320e-04,	2.5002032282e+00,	4.9999291732e+02,	5.0000708268e+02,	-2.8330731085e-04
4.3900000000e-01,	1.2576957885e-04,	2.5002032408e+00,	4.9999292051e+02,	5.0000707949e+02,	-2.8317971652e-04
4.3910000000e-01,	1.2574126725e-04,	2.5002032534e+00,	4.9999292369e+02,	5.0000707631e+02,	-2.8305220839e-04
4.3920000000e-01,	1.2571296840e-04,	2.5002032660e+00,	4.9999292688e+02,	5.0000707312e+02,	-2.8292478638e-04
4.3930000000e-01,	1.2568468229e-04,	2.5002032785e+00,	4.9999293006e+02,	5.0000706994e+02,	-2.8279745042e-04
4.3940000000e-01,	1.2565640891e-04,	2.5002032911e+00,	4.9999293324e+02,	5.0000706675e+02,	-2.8267020043e-04
4.3950000000e-01,	1.2562814825e-04,	2.5002033037e+00,	4.9999293642e+02,	5.0000706358e+02,	-2.8254303632e-04
4.3960000000e-01,	1.2559990030e-04,	2.5002033162e+00,	4.9999293960e+02,	5.0000706040e+02,	-2.8241595803e-04
4.3970000000e-01,	1.2557166506e-04,	2.5002033288e+00,	4.9999294278e+02,	5.0000705722e+02,	-2.8228896547e-04
4.3980000000e-01,	1.2554344251e-04,	2.5002033413e+00,	4.9999294595e+02,	5.0000705405e+02,	-2.8216205856e-04
4.3990000000e-01,	1.2551523264e-04,	2.5002033539e+00,	4.9999294912e+02,	5.0000705088e+02,	-2.8203523724e-04
4.4000000000e-01,	1.2548703545e-04,	2.5002033664e+00,	4.9999295229e+02,	5.0000704771e+02,	-2.8190850142e-04
4.4010000000e-01,	1.2545885094e-04,	2.5002033790e+00,	4.9999295545e+02,	5.0000704455e+02,	-2.8178185103e-04
4.4020000000e-01,	1.2543067908e-04,	2.5002033915e+00,	4.9999295862e+02,	5.0000704138e+02,	-2.8165528599e-04
4.4030000000e-01,	1.2540251988e-04,	2.5002034041e+00,	4.9999296178e+02,	5.0000703822e+02,	-2.8152880622e-04
4.4040000000e-01,	1.2537437332e-04,	2.5002034166e+00,	4.9999296494e+02,	5.0000703506e+02,	-2.8140241165e-04
4.4050000000e-01,	1.2534623939e-04,	2.5002034291e+00,	4.9999296810e+02,	5.0000703190e+02,	-2.8127610220e-04
4.4060000000e-01,	1.2531811809e-04,	2.5002034417e+00,	4.9999297125e+02,	5.0000702875e+02,	-2.8114987779e-04
4.4070000000e-01,	1.2529000941e-04,	2.5002034542e+00,	4.9999297441e+02,	5.0000702559e+02,	-2.8102373836e-04
4.4080000000e-01,	1.2526191334e-04,	2.5002034667e+00,	4.9999297756e+02,	5.0000702244e+02,	-2.8089768381e-04
4.4090000000e-01,	1.2523382987e-04,	2.5002034793e+00,	4.9999298071e+02,	5.0000701929e+02,	-2.8077171408e-04
4.4100000000e-01,	1.2520575900e-04,	2.5002034918e+00,	4.9999298385e+02,	5.0000701615e+02,	-2.8064582908e-04
4.4110000000e-01,	1.2517770071e-04,	2.5002035043e+00,	4.9999298700e+02,	5.0000701300e+02,	-2.8052002875e-04
4.4120000000e-01,	1.2514965499e-04,	2.5002035168e+00,	4.9999299014e+02,	5.0000700986e+02,	-2.8039431301e-04
4.4130000000e-01,	1.2512162184e-04,	2.5002035293e+00,	4.9999299328e+02,	5.0000700672e+02,	-2.8026868177e-04
4.4140000000e-01,	1.2509360125e-04,	2.5002035418e+00,	4.9999299642e+02,	5.0000700358e+02,	-2.8014313498e-04
4.4150000000e-01,	1.2506559321e-04,	2.5002035543e+00,	4.9999299956e+02,	5.0000700044e+02,	-2.8001767254e-04
4.4160000000e-01,	1.2503759771e-04,	2.5002035669e+00,	4.9999300269e+02,	5.0000699731e+02,	-2.7989229439e-04
4.4170000000e-01,	1.2500961475e-04,	2.5002035794e+00,	4.9999300582e+02,	5.0000699417e+02,	-2.7976700044e-04
4.4180000000e-01,	1.2498164431e-04,	2.5002035919e+00,	4.9999300896e+02,	5.0000699104e+02,	-2.7964179063e-04
4.4190000000e-01,	1.2495368639e-04,	2.5002036044e+00,	4.9999301208e+02,	5.0000698792e+02,	-2.7951666488e-04
4.4200000000e-01,	1.2492574097e-04,	2.5002036168e+00,	4.9999301521e+02,	5.0000698479e+02,	-2.7939162311e-04
4.4210000000e-01,	1.2489780806e-04,	2.5002036293e+00,	4.9999301833e+02,	5.0000698167e+02,	-2.7926666525e-04
4.4220000000e-01,	1.2486988764e-04,	2.5002036418e+00,	4.9999302146e+02,	5.0000697854e+02,	-2.7914179122e-04
4.4230000000e-01,	1.2484197970e-04,	2.5002036543e+00,	4.9999302457e+02,	5.0000697542e+02,	-2.7901700094e-04
4.4240000000e-01,	1.2481408424e-04,	2.5002036668e+00,	4.9999302769e+02,	5.0000697231e+02,	-2.7889229435e-04
4.4250000000e-01,	1.2478620124e-04,	2.5002036793e+00,	4.9999303081e+02,	5.0000696919e+02,	-2.7876767137e-04
4.4260000000e-01,	1.2475833070e-04,	2.5002036917e+00,	4.9999303392e+02,	5.0000696608e+02,	-2.7864313192e-04
4.4270000000e-01,	1.2473047261e-04,	2.5002037042e+00,	4.9999303703e+02,	5.0000696297e+02,	-2.7851867594e-04
4.4280000000e-01,	1.2470262696e-04,	2.5002037167e+00,	4.9999304014e+02,	5.0000695986e+02,	-2.7839430333e-04
4.4290000000e-01,	1.2467479375e-04,	2.5002037292e+00,	4.9999304325e+02,	5.0000695675e+02,	-2.7827001402e-04
4.4300000000e-01,	1.2464697296e-04,	2.5002037416e+00,	4.9999304635e+02,	5.0000695365e+02,	-2.7814580795e-04
4.4310000000e-01,	1.2461916458e-04,	2.5002037541e+00,	4.9999304946e+02,	5.0000695054e+02,	-2.7802168506e-04
4.4320000000e-01,	1.2459136862e-04,	2.5002037666e+00,	4.9999305256e+02,	5.0000694744e+02,	-2.7789764524e-04
4.4330000000e-01,	1.2456358505e-04,	2.5002037790e+00,	4.9999305566e+02,	5.0000694434e+02,	-2.7777368843e-04
4.4340000000e-01,	1.2453581387e-04,	2.5002037915e+00,	4.9999305875e+02,	5.0000694125e+02,	-2.7764981457e-04
4.4350000000e-01,	1.2450805508e-04,	2.5002038039e+00,	4.9999306185e+02,	5.0000693815e+02,	-2.7752602357e-04
4.4360000000e-01,	1.2448030867e-04,	2.5002038164e+00,	4.9999306494e+02,	5.0000693506e+02,	-2.7740231535e-04
4.4370000000e-01,	1.2445257462e-04,	2.5002038288e+00,	4.9999306803e+02,	5.0000693197e+02,	-2.7727868986e-04
4.4380000000e-01,	1.2442485293e-04,	2.5002038413e+00,	4.9999307112e+02,	5.0000692888e+02,	-2.7715514701e-04
4.4390000000e-01,	1.2439714359e-04,	2.5002038537e+00,	4.9999307421e+02,	5.0000692579e+02,	-2.7703168673e-04
4.4400000000e-01,	1.2436944659e-04,	2.5002038661e+00,	4.9999307729e+02,	5.0000692271e+02,	-2.7690830894e-04
4.4410000000e-01,	1.2434176192e-04,	2.5002038786e+00,	4.9999308037e+02,	5.0000691963e+02,	-2.7678501357e-04
4.4420000000e-01,	1.2431408958e-04,	2.5002038910e+00,	4.9999308345e+02,	5.0000691654e+02,	-2.7666180055e-04
4.4430000000e-01,	1.2428642956e-04,	2.5002039034e+00,	4.9999308653e+02,	5.0000691347e+02,	-2.7653866981e-04
4.4440000000e-01,	1.2425878184e-04,	2.5002039159e+00,	4.9999308961e+02,	5.0000691039e+02,	-2.7641562127e-04
4.4450000000e-01,	1.2423114643e-04,	2.5002039283e+00,	4.9999309268e+02,	5.0000690732e+02,	-2.7629265486e-04
4.4460000000e-01,	1.2420352331e-04,	2.5002039407e+00,	4.9999309576e+02,	5.0000690424e+02,	-2.7616977050e-04
4.4470000000e-01,	1.2417591247e-04,	2.5002039531e+00,	4.9999309883e+02,	5.0000690117e+02,	-2.7604696813e-04
4.4480000000e-01,	1.2414831391e-04,	2.5002039655e+00,	4.9999310189e+02,	5.0000689811e+02,	-2.7592424767e-04
4.4490000000e-01,	1.2412072762e-04,	2.5002039780e+00,	4.9999310496e+02,	5.0000689504e+02,	-2.7580160904e-04
4.4500000000e-01,	1.2409315359e-04,	2.5002039904e+00,	4.9999310802e+02,	5.0000689198e+02,	-2.7567905217e-04
4.4510000000e-01,	1.2406559181e-04,	2.5002040028e+00,	4.9999311109e+02,	5.0000688891e+02,	-2.7555657700e-04
4.4520000000e-01,	1.2403804227e-04,	2.5002040152e+00,	4.9999311415e+02,	5.0000688585e+02,	-2.7543418345e-04
4.4530000000e-01,	1.2401050497e-04,	2.5002040276e+00,	4.9999311720e+02,	5.0000688280e+02,	-2.7531187144e-04
4.4540000000e-01,	1.2398297989e-04,	2.5002040400e+00,	4.9999312026e+02,	5.0000687974e+02,	-2.7518964091e-04
4.4549999999e-01,	1.2395546704e-04,	2.5002040524e+00,	4.9999312331e+02,	5.0000687669e+02,	-2.7506749178e-04
4.4559999999e-01,	1.2392796639e-04,	2.5002040648e+00,	4.9999312636e+02,	5.0000687364e+02,	-2.7494542398e-04
4.4569999999e-01,	1.2390047795e-04,	2.5002040772e+00,	4.9999312941e+02,	5.0000687059e+02,	-2.7482343743e-04
4.4579999999e-01,	1.2387300170e-04,	2.5002040896e+00,	4.9999313246e+02,	5.0000686754e+02,	-2.7470153207e-04
4.4589999999e-01,	1.2384553764e-04,	2.5002041019e+00,	4.9999313551e+02,	5.0000686449e+02,	-2.7457970782e-04
4.4599999999e-01,	1.2381808576e-04,	2.5002041143e+00,	4.9999313855e+02,	5.0000686145e+02,	-2.7445796461e-04
4.4609999999e-01,	1.2379064605e-04,	2.5002041267e+00,	4.9999314159e+02,	5.0000685841e+02,	-2.7433630238e-04
4.4619999999e-01,	1.2376321850e-04,	2.5002041391e+00,	4.9999314463e+02,	5.0000685537e+02,	-2.7421472104e-04
4.4629999999e-01,	1.2373580310e-04,	2.5002041515e+00,	4.9999314767e+02,	5.0000685233e+02,	-2.7409322052e-04
4.4639999999e-01,	1.2370839985e-04,	2.5002041638e+00,	4.9999315070e+02,	5.0000684929e+02,	-2.7397180076e-04
4.4649999999e-01,	1.2368100874e-04,	2.5002041762e+00,	4.9999315374e+02,	5.0000684626e+02,	-2.7385046169e-04
4.4659999999e-01,	1.2365362975e-04,	2.5002041886e+00,	4.9999315677e+02,	5.0000684323e+02,	-2.7372920322e-04
4.4669999999e-01,	1.2362626289e-04,	2.5002042009e+00,	4.9999315980e+02,	5.0000684020e+02,	-2.7360802529e-04
4.4679999999e-01,	1.2359890815e-04,	2.5002042133e+00,	4.9999316283e+02,	5.0000683717e+02,	-2.7348692783e-04
4.4689999999e-01,	1.2357156551e-04,	2.5002042257e+00,	4.9999316585e+02,	5.0000683415e+02,	-2.7336591076e-04
4.4699999999e-01,	1.2354423496e-04,	2.5002042380e+00,	4.9999316888e+02,	5.0000683112e+02,	-2.7324497402e-04
4.4709999999e-01,	1.2351691651e-04,	2.5002042504e+00,	4.9999317190e+02,	5.0000682810e+02,	-2.7312411754e-04
4.4719999999e-01,	1.2348961014e-04,	2.5002042627e+00,	4.9999317492e+02,	5.0000682508e+02,	-2.7300334124e-04
4.4729999999e-01,	1.2346231584e-04,	2.5002042751e+00,	4.9999317793e+02,	5.0000682207e+02,	-2.7288264505e-04
4.4739999999e-01,	1.2343503360e-04,	2.5002042874e+00,	4.9999318095e+02,	5.0000681905e+02,	-2.7276202891e-04
4.4749999999e-01,	1.2340776343e-04,	2.5002042997e+00,	4.9999318396e+02,	5.0000681604e+02,	-2.7264149273e-04
4.4759999999e-01,	1.2338050530e-04,	2.5002043121e+00,	4.9999318697e+02,	5.0000681303e+02,	-2.7252103646e-04
4.4769999999e-01,	1.2335325922e-04,	2.5002043244e+00,	4.9999318998e+02,	5.0000681002e+02,	-2.7240066001e-04
4.4779999999e-01,	1.2332602517e-04,	2.5002043368e+00,	4.9999319299e+02,	5.0000680701e+02,	-2.7228036333e-04
4.4789999999e-01,	1.2329880314e-04,	2.5002043491e+00,	4.9999319600e+02,	5.0000680400e+02,	-2.7216014632e-04
4.4799999999e-01,	1.2327159314e-04,	2.5002043614e+00,	4.9999319900e+02,	5.0000680100e+02,	-2.7204000894e-04
4.4809999999e-01,	1.2324439514e-04,	2.5002043737e+00,	4.9999320200e+02,	5.0000679800e+02,	-2.7191995110e-04
4.4819999999e-01,	1.2321720914e-04,	2.5002043861e+00,	4.9999320500e+02,	5.0000679500e+02,	-2.7179997276e-04
4.4829999999e-01,	1.2319003514e-04,	2.5002043984e+00,	4.9999320800e+02,	5.0000679200e+02,	-2.7168007381e-04
4.4839999999e-01,	1.2316287313e-04,	2.5002044107e+00,	4.9999321099e+02,	5.0000678901e+02,	-2.7156025421e-04
4.4849999999e-01,	1.2313572309e-04,	2.5002044230e+00,	4.9999321399e+02,	5.0000678601e+02,	-2.7144051387e-04
4.4859999999e-01,	1.2310858502e-04,	2.5002044353e+00,	4.9999321698e+02,	5.0000678302e+02,	-2.7132085272e-04
4.4869999999e-01,	1.2308145891e-04,	2.5002044476e+00,	4.9999321997e+02,	5.0000678003e+02,	-2.7120127071e-04
4.4879999999e-01,	1.2305434476e-04,	2.5002044599e+00,	4.9999322296e+02,	5.0000677704e+02,	-2.7108176775e-04
4.4889999999e-01,	1.2302724256e-04,	2.5002044722e+00,	4.9999322594e+02,	5.0000677406e+02,	-2.7096234378e-04
4.4899999999e-01,	1.2300015229e-04,	2.5002044846e+00,	4.9999322892e+02,	5.0000677107e+02,	-2.7084299873e-04
4.4909999999e-01,	1.2297307396e-04,	2.5002044968e+00,	4.9999323191e+02,	5.0000676809e+02,	-2.7072373253e-04
4.4919999999e-01,	1.2294600754e-04,	2.5002045091e+00,	4.9999323489e+02,	5.0000676511e+02,	-2.7060454511e-04
4.4929999999e-01,	1.2291895304e-04,	2.5002045214e+00,	4.9999323786e+02,	5.0000676214e+02,	-2.7048543639e-04
4.4939999999e-01,	1.2289191045e-04,	2.5002045337e+00,	4.9999324084e+02,	5.0000675916e+02,	-2.7036640632e-04
4.4949999999e-01,	1.2286487976e-04,	2.5002045460e+00,	4.9999324381e+02,	5.0000675619e+02,	-2.7024745482e-04
4.4959999999e-01,	1.2283786096e-04,	2.5002045583e+00,	4.9999324679e+02,	5.0000675321e+02,	-2.7012858182e-04
4.4969999999e-01,	1.2281085404e-04,	2.5002045706e+00,	4.9999324976e+02,	5.0000675024e+02,	-2.7000978726e-04
4.4979999999e-01,	1.2278385900e-04,	2.5002045829e+00,	4.9999325272e+02,	5.0000674728e+02,	-2.6989107106e-04
4.4989999999e-01,	1.2275687582e-04,	2.5002045951e+00,	4.9999325569e+02,	5.0000674431e+02,	-2.6977243316e-04
4.4999999999e-01,	1.2272990451e-04,	2.5002046074e+00,	4.9999325865e+02,	5.0000674135e+02,	-2.6965387348e-04
4.5009999999e-01,	1.2270294505e-04,	2.5002046197e+00,	4.9999326162e+02,	5.0000673838e+02,	-2.6953539197e-04
4.5019999999e-01,	1.2267599743e-04,	2.5002046320e+00,	4.9999326458e+02,	5.0000673542e+02,	-2.6941698854e-04
4.5029999999e-01,	1.2264906165e-04,	2.5002046442e+00,	4.9999326753e+02,	5.0000673247e+02,	-2.6929866313e-04
4.5039999999e-01,	1.2262213769e-04,	2.5002046565e+00,	4.9999327049e+02,	5.0000672951e+02,	-2.6918041567e-04
4.5049999999e-01,	1.2259522556e-04,	2.5002046687e+00,	4.9999327344e+02,	5.0000672656e+02,	-2.6906224610e-04
4.5059999999e-01,	1.2256832524e-04,	2.5002046810e+00,	4.9999327640e+02,	5.0000672360e+02,	-2.6894415434e-04
4.5069999999e-01,	1.2254143673e-04,	2.5002046933e+00,	4.9999327935e+02,	5.0000672065e+02,	-2.6882614033e-04
4.5079999999e-01,	1.2251456001e-04,	2.5002047055e+00,	4.9999328229e+02,	5.0000671771e+02,	-2.6870820400e-04
4.5089999999e-01,	1.2248769508e-04,	2.5002047178e+00,	4.9999328524e+02,	5.0000671476e+02,	-2.6859034528e-04
4.5099999999e-01,	1.2246084194e-04,	2.5002047300e+00,	4.9999328819e+02,	5.0000671181e+02,	-2.6847256410e-04
4.5109999999e-01,	1.2243400057e-04,	2.5002047423e+00,	4.9999329113e+02,	5.0000670887e+02,	-2.6835486039e-04
4.5119999999e-01,	1.2240717097e-04,	2.5002047545e+00,	4.9999329407e+02,	5.0000670593e+02,	-2.6823723409e-04
4.5129999999e-01,	1.2238035312e-04,	2.5002047667e+00,	4.9999329701e+02,	5.0000670299e+02,	-2.6811968513e-04
4.5139999999e-01,	1.2235354703e-04,	2.5002047790e+00,	4.9999329994e+02,	5.0000670006e+02,	-2.6800221344e-04
4.5149999999e-01,	1.2232675267e-04,	2.5002047912e+00,	4.9999330288e+02,	5.0000669712e+02,	-2.6788481896e-04
4.5159999999e-01,	1.2229997006e-04,	2.5002048034e+00,	4.9999330581e+02,	5.0000669419e+02,	-2.6776750161e-04
4.5169999999e-01,	1.2227319917e-04,	2.5002048157e+00,	4.9999330874e+02,	5.0000669126e+02,	-2.6765026132e-04
4.5179999999e-01,	1.2224644000e-04,	2.5002048279e+00,	4.9999331167e+02,	5.0000668833e+02,	-2.6753309804e-04
4.5189999999e-01,	1.2221969255e-04,	2.5002048401e+00,	4.9999331460e+02,	5.0000668540e+02,	-2.6741601169e-04
4.5199999999e-01,	1.2219295680e-04,	2.5002048523e+00,	4.9999331752e+02,	5.0000668248e+02,	-2.6729900221e-04
4.5209999999e-01,	1.2216623275e-04,	2.5002048646e+00,	4.9999332045e+02,	5.0000667955e+02,	-2.6718206952e-04
4.5219999999e-01,	1.2213952038e-04,	2.5002048768e+00,	4.9999332337e+02,	5.0000667663e+02,	-2.6706521357e-04
4.5229999999e-01,	1.2211281970e-04,	2.5002048890e+00,	4.9999332629e+02,	5.0000667371e+02,	-2.6694843427e-04
4.5239999999e-01,	1.2208613069e-04,	2.5002049012e+00,	4.9999332921e+02,	5.0000667079e+02,	-2.6683173158e-04
4.5249999999e-01,	1.2205945335e-04,	2.5002049134e+00,	4.9999333212e+02,	5.0000666788e+02,	-2.6671510541e-04
4.5259999999e-01,	1.2203278767e-04,	2.5002049256e+00,	4.9999333504e+02,	5.0000666496e+02,	-2.6659855571e-04
4.5269999999e-01,	1.2200613364e-04,	2.5002049378e+00,	4.9999333795e+02,	5.0000666205e+02,	-2.6648208240e-04
4.5279999999e-01,	1.2197949125e-04,	2.5002049500e+00,	4.9999334086e+02,	5.0000665914e+02,	-2.6636568543e-04
4.5289999999e-01,	1.2195286050e-04,	2.5002049622e+00,	4.9999334377e+02,	5.0000665623e+02,	-2.6624936471e-04
4.5299999999e-01,	1.2192624138e-04,	2.5002049744e+00,	4.9999334667e+02,	5.0000665333e+02,	-2.6613312020e-04
4.5309999999e-01,	1.2189963387e-04,	2.5002049866e+00,	4.9999334958e+02,	5.0000665042e+02,	-2.6601695181e-04
4.5319999999e-01,	1.2187303798e-04,	2.5002049988e+00,	4.9999335248e+02,	5.0000664752e+02,	-2.6590085948e-04
4.5329999999e-01,	1.2184645370e-04,	2.5002050110e+00,	4.9999335538e+02,	5.0000664462e+02,	-2.6578484315e-04
4.5339999999e-01,	1.2181988101e-04,	2.5002050231e+00,	4.9999335828e+02,	5.0000664172e+02,	-2.6566890276e-04
4.5349999999e-01,	1.2179331991e-04,	2.5002050353e+00,	4.9999336117e+02,	5.0000663883e+02,	-2.6555303821e-04
4.5359999999e-01,	1.2176677040e-04,	2.5002050475e+00,	4.9999336407e+02,	5.0000663593e+02,	-2.6543724946e-04
4.5369999999e-01,	1.2174023246e-04,	2.5002050597e+00,	4.9999336696e+02,	5.0000663304e+02,	-2.6532153647e-04
4.5379999999e-01,	1.2171370609e-04,	2.5002050719e+00,	4.9999336985e+02,	5.0000663015e+02,	-2.6520589913e-04
4.5389999999e-01,	1.2168719128e-04,	2.5002050840e+00,	4.9999337274e+02,	5.0000662726e+02,	-2.6509033739e-04
4.5399999999e-01,	1.2166068802e-04,	2.5002050962e+00,	4.9999337563e+02,	5.0000662437e+02,	-2.6497485118e-04
4.5409999999e-01,	1.2163419631e-04,	2.5002051084e+00,	4.9999337851e+02,	5.0000662149e+02,	-2.6485944044e-04
4.5419999999e-01,	1.2160771613e-04,	2.5002051205e+00,	4.9999338140e+02,	5.0000661860e+02,	-2.6474410510e-04
4.5429999999e-01,	1.2158124748e-04,	2.5002051327e+00,	4.9999338428e+02,	5.0000661572e+02,	-2.6462884510e-04
4.5439999999e-01,	1.2155479036e-04,	2.5002051448e+00,	4.9999338716e+02,	5.0000661284e+02,	-2.6451366037e-04
4.5449999999e-01,	1.2152834475e-04,	2.5002051570e+00,	4.9999339004e+02,	5.0000660996e+02,	-2.6439855085e-04
4.5459999999e-01,	1.2150191065e-04,	2.5002051691e+00,	4.9999339291e+02,	5.0000660709e+02,	-2.6428351647e-04
4.5469999999e-01,	1.2147548804e-04,	2.5002051813e+00,	4.9999339579e+02,	5.0000660421e+02,	-2.6416855715e-04
4.5479999999e-01,	1.2144907693e-04,	2.5002051934e+00,	4.9999339866e+02,	5.0000660134e+02,	-2.6405367285e-04
4.5489999999e-01,	1.2142267731e-04,	2.5002052056e+00,	4.9999340153e+02,	5.0000659847e+02,	-2.6393886349e-04
4.5499999999e-01,	1.2139628916e-04,	2.5002052177e+00,	4.9999340440e+02,	5.0000659560e+02,	-2.6382412901e-04
4.5509999999e-01,	1.2136991248e-04,	2.5002052299e+00,	4.9999340726e+02,	5.0000659274e+02,	-2.6370946935e-04
4.5519999999e-01,	1.2134354726e-04,	2.5002052420e+00,	4.9999341013e+02,	5.0000658987e+02,	-2.6359488443e-04
4.5529999999e-01,	1.2131719350e-04,	2.5002052541e+00,	4.9999341299e+02,	5.0000658701e+02,	-2.6348037420e-04
4.5539999999e-01,	1.2129085118e-04,	2.5002052663e+00,	4.9999341585e+02,	5.0000658415e+02,	-2.6336593858e-04
4.5549999999e-01,	1.2126452031e-04,	2.5002052784e+00,	4.9999341871e+02,	5.0000658129e+02,	-2.6325157752e-04
4.5559999999e-01,	1.2123820087e-04,	2.5002052905e+00,	4.9999342157e+02,	5.0000657843e+02,	-2.6313729095e-04
4.5569999999e-01,	1.2121189285e-04,	2.5002053026e+00,	4.9999342442e+02,	5.0000657558e+02,	-2.6302307880e-04
4.5579999999e-01,	1.2118559625e-04,	2.5002053148e+00,	4.9999342728e+02,	5.0000657272e+02,	-2.6290894101e-04
4.5589999999e-01,	1.2115931106e-04,	2.5002053269e+00,	4.9999343013e+02,	5.0000656987e+02,	-2.6279487752e-04
4.5599999999e-01,	1.2113303727e-04,	2.5002053390e+00,	4.9999343298e+02,	5.0000656702e+02,	-2.6268088826e-04
4.5609999999e-01,	1.2110677488e-04,	2.5002053511e+00,	4.9999343583e+02,	5.0000656417e+02,	-2.6256697316e-04
4.5619999999e-01,	1.2108052387e-04,	2.5002053632e+00,	4.9999343867e+02,	5.0000656133e+02,	-2.6245313217e-04
4.5629999999e-01,	1.2105428425e-04,	2.5002053753e+00,	4.9999344152e+02,	5.0000655848e+02,	-2.6233936521e-04
4.5639999999e-01,	1.2102805600e-04,	2.5002053874e+00,	4.9999344436e+02,	5.0000655564e+02,	-2.6222567223e-04
4.5649999999e-01,	1.2100183911e-04,	2.5002053995e+00,	4.9999344720e+02,	5.0000655280e+02,	-2.6211205315e-04
4.5659999999e-01,	1.2097563358e-04,	2.5002054116e+00,	4.9999345004e+02,	5.0000654996e+02,	-2.6199850792e-04
4.5669999999e-01,	1.2094943941e-04,	2.5002054237e+00,	4.9999345287e+02,	5.0000654713e+02,	-2.6188503648e-04
4.5679999999e-01,	1.2092325657e-04,	2.5002054358e+00,	4.9999345571e+02,	5.0000654429e+02,	-2.6177163874e-04
4.5689999999e-01,	1.2089708508e-04,	2.5002054479e+00,	4.9999345854e+02,	5.0000654146e+02,	-2.6165831467e-04
4.5699999999e-01,	1.2087092491e-04,	2.5002054600e+00,	4.9999346137e+02,	5.0000653863e+02,	-2.6154506418e-04
4.5709999999e-01,	1.2084477606e-04,	2.5002054721e+00,	4.9999346420e+02,	5.0000653580e+02,	-2.6143188722e-04
4.5719999999e-01,	1.2081863853e-04,	2.5002054842e+00,	4.9999346703e+02,	5.0000653297e+02,	-2.6131878372e-04
4.5729999999e-01,	1.2079251230e-04,	2.5002054962e+00,	4.9999346986e+02,	5.0000653014e+02,	-2.6120575362e-04
4.5739999999e-01,	1.2076639738e-04,	2.5002055083e+00,	4.9999347268e+02,	5.0000652732e+02,	-2.6109279686e-04
4.5749999999e-01,	1.2074029374e-04,	2.5002055204e+00,	4.9999347550e+02,	5.0000652450e+02,	-2.6097991337e-04
4.5759999999e-01,	1.2071420139e-04,	2.5002055325e+00,	4.9999347832e+02,	5.0000652168e+02,	-2.6086710308e-04
4.5769999999e-01,	1.2068812032e-04,	2.5002055445e+00,	4.9999348114e+02,	5.0000651886e+02,	-2.6075436594e-04
4.5779999999e-01,	1.2066205051e-04,	2.5002055566e+00,	4.9999348396e+02,	5.0000651604e+02,	-2.6064170188e-04
4.5789999999e-01,	1.2063599197e-04,	2.5002055687e+00,	4.9999348677e+02,	5.0000651323e+02,	-2.6052911084e-04
4.5799999999e-01,	1.2060994469e-04,	2.5002055807e+00,	4.9999348959e+02,	5.0000651041e+02,	-2.6041659276e-04
4.5809999999e-01,	1.2058390865e-04,	2.5002055928e+00,	4.9999349240e+02,	5.0000650760e+02,	-2.6030414757e-04
4.5819999999e-01,	1.2055788386e-04,	2.5002056048e+00,	4.9999349521e+02,	5.0000650479e+02,	-2.6019177522e-04
4.5829999999e-01,	1.2053187030e-04,	2.5002056169e+00,	4.9999349801e+02,	5.0000650199e+02,	-2.6007947561e-04
4.5839999999e-01,	1.2050586796e-04,	2.5002056289e+00,	4.9999350082e+02,	5.0000649918e+02,	-2.5996724872e-04
4.5849999999e-01,	1.2047987684e-04,	2.5002056410e+00,	4.9999350362e+02,	5.0000649638e+02,	-2.5985509447e-04
4.5859999999e-01,	1.2045389694e-04,	2.5002056530e+00,	4.9999350642e+02,	5.0000649358e+02,	-2.5974301280e-04
4.5869999999e-01,	1.2042792824e-04,	2.5002056651e+00,	4.9999350922e+02,	5.0000649078e+02,	-2.5963100365e-04
4.5879999999e-01,	1.2040197074e-04,	2.5002056771e+00,	4.9999351202e+02,	5.0000648798e+02,	-2.5951906695e-04
4.5889999999e-01,	1.2037602442e-04,	2.5002056892e+00,	4.9999351482e+02,	5.0000648518e+02,	-2.5940720264e-04
4.5899999999e-01,	1.2035008929e-04,	2.5002057012e+00,	4.9999351761e+02,	5.0000648239e+02,	-2.5929541065e-04
4.5909999999e-01,	1.2032416534e-04,	2.5002057132e+00,	4.9999352041e+02,	5.0000647959e+02,	-2.5918369094e-04
4.5919999999e-01,	1.2029825255e-04,	2.5002057253e+00,	4.9999352320e+02,	5.0000647680e+02,	-2.5907204342e-04
4.5929999999e-01,	1.2027235093e-04,	2.5002057373e+00,	4.9999352599e+02,	5.0000647401e+02,	-2.5896046805e-04
4.5939999999e-01,	1.2024646046e-04,	2.5002057493e+00,	4.9999352878e+02,	5.0000647122e+02,	-2.5884896476e-04
4.5949999999e-01,	1.2022058113e-04,	2.5002057613e+00,	4.9999353156e+02,	5.0000646844e+02,	-2.5873753348e-04
4.5959999999e-01,	1.2019471295e-04,	2.5002057734e+00,	4.9999353435e+02,	5.0000646565e+02,	-2.5862617416e-04
4.5969999999e-01,	1.2016885590e-04,	2.5002057854e+00,	4.9999353713e+02,	5.0000646287e+02,	-2.5851488674e-04
4.5979999999e-01,	1.2014300997e-04,	2.5002057974e+00,	4.9999353991e+02,	5.0000646009e+02,	-2.5840367114e-04
4.5989999999e-01,	1.2011717516e-04,	2.5002058094e+00,	4.9999354269e+02,	5.0000645731e+02,	-2.5829252732e-04
4.5999999999e-01,	1.2009135146e-04,	2.5002058214e+00,	4.9999354546e+02,	5.0000645454e+02,	-2.5818145520e-04
4.6009999999e-01,	1.2006553887e-04,	2.5002058334e+00,	4.9999354824e+02,	5.0000645176e+02,	-2.5807045473e-04
4.6019999999e-01,	1.2003973737e-04,	2.5002058454e+00,	4.9999355101e+02,	5.0000644899e+02,	-2.5795952584e-04
4.6029999999e-01,	1.2001394696e-04,	2.5002058574e+00,	4.9999355378e+02,	5.0000644622e+02,	-2.5784866848e-04
4.6039999999e-01,	1.1998816763e-04,	2.5002058694e+00,	4.9999355655e+02,	5.0000644345e+02,	-2.5773788257e-04
4.6049999999e-01,	1.1996239938e-04,	2.5002058814e+00,	4.9999355932e+02,	5.0000644068e+02,	-2.5762716807e-04
4.6059999999e-01,	1.1993664219e-04,	2.5002058934e+00,	4.9999356209e+02,	5.0000643791e+02,	-2.5751652490e-04
4.6069999999e-01,	1.1991089607e-04,	2.5002059054e+00,	4.9999356485e+02,	5.0000643515e+02,	-2.5740595302e-04
4.6079999999e-01,	1.1988516100e-04,	2.5002059174e+00,	4.9999356761e+02,	5.0000643239e+02,	-2.5729545235e-04
4.6089999999e-01,	1.1985943698e-04,	2.5002059294e+00,	4.9999357037e+02,	5.0000642963e+02,	-2.5718502284e-04
4.6099999999e-01,	1.1983372399e-04,	2.5002059414e+00,	4.9999357313e+02,	5.0000642687e+02,	-2.5707466441e-04
4.6109999999e-01,	1.1980802204e-04,	2.5002059534e+00,	4.9999357589e+02,	5.0000642411e+02,	-2.5696437702e-04
4.6119999999e-01,	1.1978233112e-04,	2.5002059653e+00,	4.9999357865e+02,	5.0000642135e+02,	-2.5685416060e-04
4.6129999999e-01,	1.1975665121e-04,	2.5002059773e+00,	4.9999358140e+02,	5.0000641860e+02,	-2.5674401510e-04
4.6139999999e-01,	1.1973098231e-04,	2.5002059893e+00,	4.9999358415e+02,	5.0000641585e+02,	-2.5663394045e-04
4.6149999999e-01,	1.1970532442e-04,	2.5002060013e+00,	4.9999358690e+02,	5.0000641310e+02,	-2.5652393658e-04
4.6159999999e-01,	1.1967967752e-04,	2.5002060132e+00,	4.9999358965e+02,	5.0000641035e+02,	-2.5641400344e-04
4.6169999999e-01,	1.1965404162e-04,	2.5002060252e+00,	4.9999359240e+02,	5.0000640760e+02,	-2.5630414097e-04
4.6179999999e-01,	1.1962841669e-04,	2.5002060372e+00,	4.9999359514e+02,	5.0000640486e+02,	-2.5619434911e-04
4.6189999999e-01,	1.1960280274e-04,	2.5002060491e+00,	4.9999359788e+02,	5.0000640212e+02,	-2.5608462780e-04
4.6199999999e-01,	1.1957719976e-04,	2.5002060611e+00,	4.9999360063e+02,	5.0000639937e+02,	-2.5597497697e-04
4.6209999999e-01,	1.1955160775e-04,	2.5002060731e+00,	4.9999360337e+02,	5.0000639663e+02,	-2.5586539657e-04
4.6219999999e-01,	1.1952602668e-04,	2.5002060850e+00,	4.9999360610e+02,	5.0000639390e+02,	-2.5575588653e-04
4.6229999999e-01,	1.1950045657e-04,	2.5002060970e+00,	4.9999360884e+02,	5.0000639116e+02,	-2.5564644680e-04
4.6239999999e-01,	1.1947489739e-04,	2.5002061089e+00,	4.9999361157e+02,	5.0000638843e+02,	-2.5553707732e-04
4.6249999999e-01,	1.1944934915e-04,	2.5002061209e+00,	4.9999361431e+02,	5.0000638569e+02,	-2.5542777802e-04
4.6259999999e-01,	1.1942381183e-04,	2.5002061328e+00,	4.9999361704e+02,	5.0000638296e+02,	-2.5531854884e-04
4.6269999999e-01,	1.1939828544e-04,	2.5002061447e+00,	4.9999361977e+02,	5.0000638023e+02,	-2.5520938973e-04
4.6279999999e-01,	1.1937276995e-04,	2.5002061567e+00,	4.9999362249e+02,	5.0000637751e+02,	-2.5510030063e-04
4.6289999999e-01,	1.1934726537e-04,	2.5002061686e+00,	4.9999362522e+02,	5.0000637478e+02,	-2.5499128147e-04
4.6299999999e-01,	1.1932177169e-04,	2.5002061805e+00,	4.9999362794e+02,	5.0000637206e+02,	-2.5488233220e-04
4.6309999999e-01,	1.1929628890e-04,	2.5002061925e+00,	4.9999363066e+02,	5.0000636934e+02,	-2.5477345276e-04
4.6319999999e-01,	1.1927081700e-04,	2.5002062044e+00,	4.9999363338e+02,	5.0000636662e+02,	-2.5466464308e-04
4.6329999999e-01,	1.1924535597e-04,	2.5002062163e+00,	4.9999363610e+02,	5.0000636390e+02,	-2.5455590310e-04
4.6339999999e-01,	1.1921990582e-04,	2.5002062283e+00,	4.9999363882e+02,	5.0000636118e+02,	-2.5444723278e-04
4.6349999999e-01,	1.1919446652e-04,	2.5002062402e+00,	4.9999364153e+02,	5.0000635847e+02,	-2.5433863204e-04
4.6359999999e-01,	1.1916903809e-04,	2.5002062521e+00,	4.9999364425e+02,	5.0000635575e+02,	-2.5423010083e-04
4.6369999999e-01,	1.1914362050e-04,	2.5002062640e+00,	4.9999364696e+02,	5.0000635304e+02,	-2.5412163909e-04
4.6379999999e-01,	1.1911821376e-04,	2.5002062759e+00,	4.9999364967e+02,	5.0000635033e+02,	-2.5401324675e-04
4.6389999999e-01,	1.1909281785e-04,	2.5002062878e+00,	4.9999365238e+02,	5.0000634762e+02,	-2.5390492377e-04
4.6399999999e-01,	1.1906743277e-04,	2.5002062997e+00,	4.9999365508e+02,	5.0000634492e+02,	-2.5379667009e-04
4.6409999999e-01,	1.1904205851e-04,	2.5002063116e+00,	4.9999365779e+02,	5.0000634221e+02,	-2.5368848562e-04
4.6419999999e-01,	1.1901669507e-04,	2.5002063235e+00,	4.9999366049e+02,	5.0000633951e+02,	-2.5358037034e-04
4.6429999999e-01,	1.1899134244e-04,	2.5002063354e+00,	4.9999366319e+02,	5.0000633681e+02,	-2.5347232417e-04
4.6439999999e-01,	1.1896600061e-04,	2.5002063473e+00,	4.9999366589e+02,	5.0000633411e+02,	-2.5336434706e-04
4.6449999999e-01,	1.1894066957e-04,	2.5002063592e+00,	4.9999366859e+02,	5.0000633141e+02,	-2.5325643894e-04
4.6459999999e-01,	1.1891534931e-04,	2.5002063711e+00,	4.9999367128e+02,	5.0000632871e+02,	-2.5314859976e-04
4.6469999999e-01,	1.1889003984e-04,	2.5002063830e+00,	4.9999367398e+02,	5.0000632602e+02,	-2.5304082946e-04
4.6479999999e-01,	1.1886474115e-04,	2.5002063949e+00,	4.9999367667e+02,	5.0000632333e+02,	-2.5293312798e-04
4.6489999999e-01,	1.1883945322e-04,	2.5002064068e+00,	4.9999367936e+02,	5.0000632064e+02,	-2.5282549526e-04
4.6499999999e-01,	1.1881417605e-04,	2.5002064187e+00,	4.9999368205e+02,	5.0000631795e+02,	-2.5271793125e-04
4.6509999999e-01,	1.1878890963e-04,	2.5002064306e+00,	4.9999368474e+02,	5.0000631526e+02,	-2.5261043587e-04
4.6519999999e-01,	1.1876365396e-04,	2.5002064424e+00,	4.9999368742e+02,	5.0000631258e+02,	-2.5250300909e-04
4.6529999999e-01,	1.1873840902e-04,	2.5002064543e+00,	4.9999369011e+02,	5.0000630989e+02,	-2.5239565081e-04
4.6539999999e-01,	1.1871317482e-04,	2.5002064662e+00,	4.9999369279e+02,	5.0000630721e+02,	-2.5228836103e-04
4.6549999999e-01,	1.1868795135e-04,	2.5002064781e+00,	4.9999369547e+02,	5.0000630453e+02,	-2.5218113967e-04
4.6559999999e-01,	1.1866273859e-04,	2.5002064899e+00,	4.9999369815e+02,	5.0000630185e+02,	-2.5207398665e-04
4.6569999999e-01,	1.1863753655e-04,	2.5002065018e+00,	4.9999370083e+02,	5.0000629917e+02,	-2.5196690195e-04
4.6579999999e-01,	1.1861234521e-04,	2.5002065136e+00,	4.9999370350e+02,	5.0000629650e+02,	-2.5185988546e-04
4.6589999999e-01,	1.1858716457e-04,	2.5002065255e+00,	4.9999370618e+02,	5.0000629382e+02,	-2.5175293711e-04
4.6599999999e-01,	1.1856199462e-04,	2.5002065374e+00,	4.9999370885e+02,	5.0000629115e+02,	-2.5164605687e-04
4.6609999999e-01,	1.1853683536e-04,	2.5002065492e+00,	4.9999371152e+02,	5.0000628848e+02,	-2.5153924476e-04
4.6619999999e-01,	1.1851168677e-04,	2.5002065611e+00,	4.9999371419e+02,	5.0000628581e+02,	-2.5143250063e-04
4.6629999999e-01,	1.1848654885e-04,	2.5002065729e+00,	4.9999371685e+02,	5.0000628315e+02,	-2.5132582445e-04
4.6639999999e-01,	1.1846142160e-04,	2.5002065848e+00,	4.9999371952e+02,	5.0000628048e+02,	-2.5121921619e-04
4.6649999999e-01,	1.1843630501e-04,	2.5002065966e+00,	4.9999372218e+02,	5.0000627782e+02,	-2.5111267572e-04
4.6659999999e-01,	1.1841119907e-04,	2.5002066085e+00,	4.9999372484e+02,	5.0000627516e+02,	-2.5100620305e-04
4.6669999999e-01,	1.1838610377e-04,	2.5002066203e+00,	4.9999372751e+02,	5.0000627249e+02,	-2.5089979809e-04
4.6679999999e-01,	1.1836101910e-04,	2.5002066321e+00,	4.9999373016e+02,	5.0000626984e+02,	-2.5079346079e-04
4.6689999999e-01,	1.1833594507e-04,	2.5002066440e+00,	4.9999373282e+02,	5.0000626718e+02,	-2.5068719109e-04
4.6699999999e-01,	1.1831088166e-04,	2.5002066558e+00,	4.9999373548e+02,	5.0000626452e+02,	-2.5058098894e-04
4.6709999999e-01,	1.1828582887e-04,	2.5002066676e+00,	4.9999373813e+02,	5.0000626187e+02,	-2.5047485428e-04
4.6719999999e-01,	1.1826078669e-04,	2.5002066795e+00,	4.9999374078e+02,	5.0000625922e+02,	-2.5036878704e-04
4.6729999999e-01,	1.1823575511e-04,	2.5002066913e+00,	4.9999374343e+02,	5.0000625657e+02,	-2.5026278718e-04
4.6739999999e-01,	1.1821073413e-04,	2.5002067031e+00,	4.9999374608e+02,	5.0000625392e+02,	-2.5015685464e-04
4.6749999999e-01,	1.1818572374e-04,	2.5002067149e+00,	4.9999374873e+02,	5.0000625127e+02,	-2.5005098936e-04
4.6759999999e-01,	1.1816072393e-04,	2.5002067267e+00,	4.9999375137e+02,	5.0000624863e+02,	-2.4994519128e-04
4.6769999999e-01,	1.1813573470e-04,	2.5002067386e+00,	4.9999375401e+02,	5.0000624599e+02,	-2.4983946035e-04
4.6779999999e-01,	1.1811075604e-04,	2.5002067504e+00,	4.9999375666e+02,	5.0000624334e+02,	-2.4973379650e-04
4.6789999999e-01,	1.1808578794e-04,	2.5002067622e+00,	4.9999375929e+02,	5.0000624070e+02,	-2.4962819969e-04
4.6799999999e-01,	1.1806083039e-04,	2.5002067740e+00,	4.9999376193e+02,	5.0000623807e+02,	-2.4952266986e-04
4.6809999999e-01,	1.1803588340e-04,	2.5002067858e+00,	4.9999376457e+02,	5.0000623543e+02,	-2.4941720694e-04
4.6819999999e-01,	1.1801094695e-04,	2.5002067976e+00,	4.9999376720e+02,	5.0000623280e+02,	-2.4931181088e-04
4.6829999999e-01,	1.1798602104e-04,	2.5002068094e+00,	4.9999376984e+02,	5.0000623016e+02,	-2.4920648163e-04
4.6839999999e-01,	1.1796110565e-04,	2.5002068212e+00,	4.9999377247e+02,	5.0000622753e+02,	-2.4910121913e-04
4.6849999999e-01,	1.1793620079e-04,	2.5002068330e+00,	4.9999377510e+02,	5.0000622490e+02,	-2.4899602333e-04
4.6859999999e-01,	1.1791130644e-04,	2.5002068448e+00,	4.9999377773e+02,	5.0000622227e+02,	-2.4889089416e-04
4.6869999999e-01,	1.1788642261e-04,	2.5002068566e+00,	4.9999378035e+02,	5.0000621965e+02,	-2.4878583157e-04
4.6879999999e-01,	1.1786154928e-04,	2.5002068684e+00,	4.9999378298e+02,	5.0000621702e+02,	-2.4868083550e-04
4.6889999999e-01,	1.1783668644e-04,	2.5002068801e+00,	4.9999378560e+02,	5.0000621440e+02,	-2.4857590590e-04
4.6899999999e-01,	1.1781183409e-04,	2.5002068919e+00,	4.9999378822e+02,	5.0000621178e+02,	-2.4847104272e-04
4.6909999999e-01,	1.1778699223e-04,	2.5002069037e+00,	4.9999379084e+02,	5.0000620916e+02,	-2.4836624589e-04
4.6919999999e-01,	1.1776216084e-04,	2.5002069155e+00,	4.9999379346e+02,	5.0000620654e+02,	-2.4826151536e-04
4.6929999999e-01,	1.1773733992e-04,	2.5002069273e+00,	4.9999379608e+02,	5.0000620392e+02,	-2.4815685108e-04
4.6939999999e-01,	1.1771252947e-04,	2.5002069390e+00,	4.9999379869e+02,	5.0000620131e+02,	-2.4805225298e-04
4.6949999999e-01,	1.1768772947e-04,	2.5002069508e+00,	4.9999380131e+02,	5.0000619869e+02,	-2.4794772101e-04
4.6959999999e-01,	1.1766293992e-04,	2.5002069626e+00,	4.9999380392e+02,	5.0000619608e+02,	-2.4784325512e-04
4.6969999999e-01,	1.1763816082e-04,	2.5002069743e+00,	4.9999380653e+02,	5.0000619347e+02,	-2.4773885526e-04
4.6979999999e-01,	1.1761339215e-04,	2.5002069861e+00,	4.9999380914e+02,	5.0000619086e+02,	-2.4763452135e-04
4.6989999999e-01,	1.1758863391e-04,	2.5002069979e+00,	4.9999381174e+02,	5.0000618826e+02,	-2.4753025336e-04
4.6999999999e-01,	1.1756388610e-04,	2.5002070096e+00,	4.9999381435e+02,	5.0000618565e+02,	-2.4742605122e-04
4.7009999999e-01,	1.1753914870e-04,	2.5002070214e+00,	4.9999381695e+02,	5.0000618305e+02,	-2.4732191488e-04
4.7019999999e-01,	1.1751442171e-04,	2.5002070331e+00,	4.9999381955e+02,	5.0000618045e+02,	-2.4721784429e-04
4.7029999999e-01,	1.1748970513e-04,	2.5002070449e+00,	4.9999382215e+02,	5.0000617785e+02,	-2.4711383938e-04
4.7039999999e-01,	1.1746499894e-04,	2.5002070566e+00,	4.9999382475e+02,	5.0000617525e+02,	-2.4700990010e-04
4.7049999999e-01,	1.1744030315e-04,	2.5002070684e+00,	4.9999382735e+02,	5.0000617265e+02,	-2.4690602641e-04
4.7059999999e-01,	1.1741561773e-04,	2.5002070801e+00,	4.9999382994e+02,	5.0000617006e+02,	-2.4680221823e-04
4.7069999999e-01,	1.1739094270e-04,	2.5002070918e+00,	4.9999383254e+02,	5.0000616746e+02,	-2.4669847552e-04
4.7079999999e-01,	1.1736627804e-04,	2.5002071036e+00,	4.9999383513e+02,	5.0000616487e+02,	-2.4659479823e-04
4.7089999999e-01,	1.1734162374e-04,	2.5002071153e+00,	4.9999383772e+02,	5.0000616228e+02,	-2.4649118628e-04
4.7099999999e-01,	1.1731697980e-04,	2.5002071271e+00,	4.9999384031e+02,	5.0000615969e+02,	-2.4638763965e-04
4.7109999999e-01,	1.1729234621e-04,	2.5002071388e+00,	4.9999384290e+02,	5.0000615710e+02,	-2.4628415826e-04
4.7119999999e-01,	1.1726772296e-04,	2.5002071505e+00,	4.9999384548e+02,	5.0000615452e+02,	-2.4618074206e-04
4.7129999999e-01,	1.1724311006e-04,	2.5002071622e+00,	4.9999384807e+02,	5.0000615193e+02,	-2.4607739100e-04
4.7139999999e-01,	1.1721850748e-04,	2.5002071740e+00,	4.9999385065e+02,	5.0000614935e+02,	-2.4597410502e-04
4.7149999999e-01,	1.1719391523e-04,	2.5002071857e+00,	4.9999385323e+02,	5.0000614677e+02,	-2.4587088408e-04
4.7159999999e-01,	1.1716933330e-04,	2.5002071974e+00,	4.9999385581e+02,	5.0000614419e+02,	-2.4576772810e-04
4.7169999999e-01,	1.1714476169e-04,	2.5002072091e+00,	4.9999385838e+02,	5.0000614162e+02,	-2.4566463705e-04
4.7179999999e-01,	1.1712020037e-04,	2.5002072208e+00,	4.9999386096e+02,	5.0000613904e+02,	-2.4556161086e-04
4.7189999999e-01,	1.1709564936e-04,	2.5002072325e+00,	4.9999386353e+02,	5.0000613647e+02,	-2.4545864948e-04
4.7199999999e-01,	1.1707110864e-04,	2.5002072442e+00,	4.9999386611e+02,	5.0000613389e+02,	-2.4535575285e-04
4.7209999999e-01,	1.1704657821e-04,	2.5002072560e+00,	4.9999386868e+02,	5.0000613132e+02,	-2.4525292093e-04
4.7219999999e-01,	1.1702205806e-04,	2.5002072677e+00,	4.9999387125e+02,	5.0000612875e+02,	-2.4515015365e-04
4.7229999999e-01,	1.1699754818e-04,	2.5002072794e+00,	4.9999387381e+02,	5.0000612619e+02,	-2.4504745098e-04
4.7239999999e-01,	1.1697304856e-04,	2.5002072911e+00,	4.9999387638e+02,	5.0000612362e+02,	-2.4494481283e-04
4.7249999999e-01,	1.1694855921e-04,	2.5002073028e+00,	4.9999387894e+02,	5.0000612106e+02,	-2.4484223918e-04
4.7259999999e-01,	1.1692408011e-04,	2.5002073144e+00,	4.9999388151e+02,	5.0000611849e+02,	-2.4473972995e-04
4.7269999999e-01,	1.1689961126e-04,	2.5002073261e+00,	4.9999388407e+02,	5.0000611593e+02,	-2.4463728510e-04
4.7279999999e-01,	1.1687515265e-04,	2.5002073378e+00,	4.9999388663e+02,	5.0000611337e+02,	-2.4453490458e-04
4.7289999999e-01,	1.1685070428e-04,	2.5002073495e+00,	4.9999388919e+02,	5.0000611081e+02,	-2.4443258832e-04
4.7299999999e-01,	1.1682626613e-04,	2.5002073612e+00,	4.9999389174e+02,	5.0000610826e+02,	-2.4433033628e-04
4.7309999999e-01,	1.1680183821e-04,	2.5002073729e+00,	4.9999389430e+02,	5.0000610570e+02,	-2.4422814840e-04
4.7319999999e-01,	1.1677742050e-04,	2.5002073846e+00,	4.9999389685e+02,	5.0000610315e+02,	-2.4412602463e-04
4.7329999999e-01,	1.1675301300e-04,	2.5002073962e+00,	4.9999389940e+02,	5.0000610060e+02,	-2.4402396491e-04
4.7339999999e-01,	1.1672861571e-04,	2.5002074079e+00,	4.9999390195e+02,	5.0000609805e+02,	-2.4392196920e-04
4.7349999999e-01,	1.1670422861e-04,	2.5002074196e+00,	4.9999390450e+02,	5.0000609550e+02,	-2.4382003743e-04
4.7359999999e-01,	1.1667985170e-04,	2.5002074312e+00,	4.9999390705e+02,	5.0000609295e+02,	-2.4371816956e-04
4.7369999999e-01,	1.1665548497e-04,	2.5002074429e+00,	4.9999390959e+02,	5.0000609041e+02,	-2.4361636552e-04
4.7379999999e-01,	1.1663112842e-04,	2.5002074546e+00,	4.9999391213e+02,	5.0000608787e+02,	-2.4351462528e-04
4.7389999999e-01,	1.1660678204e-04,	2.5002074662e+00,	4.9999391468e+02,	5.0000608532e+02,	-2.4341294876e-04
4.7399999999e-01,	1.1658244583e-04,	2.5002074779e+00,	4.9999391722e+02,	5.0000608278e+02,	-2.4331133593e-04
4.7409999999e-01,	1.1655811978e-04,	2.5002074896e+00,	4.9999391976e+02,	5.0000608024e+02,	-2.4320978672e-04
4.7419999999e-01,	1.1653380387e-04,	2.5002075012e+00,	4.9999392229e+02,	5.0000607771e+02,	-2.4310830110e-04
4.7429999999e-01,	1.1650949811e-04,	2.5002075129e+00,	4.9999392483e+02,	5.0000607517e+02,	-2.4300687899e-04
4.7439999999e-01,	1.1648520249e-04,	2.5002075245e+00,	4.9999392736e+02,	5.0000607264e+02,	-2.4290552035e-04
4.7449999999e-01,	1.1646091701e-04,	2.5002075362e+00,	4.9999392989e+02,	5.0000607011e+02,	-2.4280422513e-04
4.7459999999e-01,	1.1643664165e-04,	2.5002075478e+00,	4.9999393243e+02,	5.0000606757e+02,	-2.4270299326e-04
4.7469999999e-01,	1.1641237641e-04,	2.5002075594e+00,	4.9999393495e+02,	5.0000606505e+02,	-2.4260182471e-04
4.7479999999e-01,	1.1638812128e-04,	2.5002075711e+00,	4.9999393748e+02,	5.0000606252e+02,	-2.4250071941e-04
4.7489999999e-01,	1.1636387626e-04,	2.5002075827e+00,	4.9999394001e+02,	5.0000605999e+02,	-2.4239967732e-04
4.7499999999e-01,	1.1633964134e-04,	2.5002075944e+00,	4.9999394253e+02,	5.0000605747e+02,	-2.4229869838e-04
4.7509999999e-01,	1.1631541652e-04,	2.5002076060e+00,	4.9999394506e+02,	5.0000605494e+02,	-2.4219778254e-04
4.7519999999e-01,	1.1629120178e-04,	2.5002076176e+00,	4.9999394758e+02,	5.0000605242e+02,	-2.4209692975e-04
4.7529999999e-01,	1.1626699713e-04,	2.5002076293e+00,	4.9999395010e+02,	5.0000604990e+02,	-2.4199613994e-04
4.7539999999e-01,	1.1624280255e-04,	2.5002076409e+00,	4.9999395261e+02,	5.0000604739e+02,	-2.4189541308e-04
4.7549999999e-01,	1.1621861805e-04,	2.5002076525e+00,	4.9999395513e+02,	5.0000604487e+02,	-2.4179474911e-04
4.7559999999e-01,	1.1619444360e-04,	2.5002076641e+00,	4.9999395765e+02,	5.0000604235e+02,	-2.4169414797e-04
4.7569999999e-01,	1.1617027921e-04,	2.5002076757e+00,	4.9999396016e+02,	5.0000603984e+02,	-2.4159360962e-04
4.7579999999e-01,	1.1614612488e-04,	2.5002076874e+00,	4.9999396267e+02,	5.0000603733e+02,	-2.4149313401e-04
4.7589999999e-01,	1.1612198058e-04,	2.5002076990e+00,	4.9999396518e+02,	5.0000603482e+02,	-2.4139272107e-04
4.7599999999e-01,	1.1609784633e-04,	2.5002077106e+00,	4.9999396769e+02,	5.0000603231e+02,	-2.4129237076e-04
4.7609999999e-01,	1.1607372211e-04,	2.5002077222e+00,	4.9999397020e+02,	5.0000602980e+02,	-2.4119208302e-04
4.7619999999e-01,	1.1604960791e-04,	2.5002077338e+00,	4.9999397270e+02,	5.0000602730e+02,	-2.4109185780e-04
4.7629999999e-01,	1.1602550373e-04,	2.5002077454e+00,	4.9999397521e+02,	5.0000602479e+02,	-2.4099169507e-04
4.7639999999e-01,	1.1600140957e-04,	2.5002077570e+00,	4.9999397771e+02,	5.0000602229e+02,	-2.4089159474e-04
4.7649999999e-01,	1.1597732541e-04,	2.5002077686e+00,	4.9999398021e+02,	5.0000601979e+02,	-2.4079155679e-04
4.7659999999e-01,	1.1595325126e-04,	2.5002077802e+00,	4.9999398271e+02,	5.0000601729e+02,	-2.4069158115e-04
4.7669999999e-01,	1.1592918710e-04,	2.5002077918e+00,	4.9999398521e+02,	5.0000601479e+02,	-2.4059166778e-04
4.7679999999e-01,	1.1590513292e-04,	2.5002078034e+00,	4.9999398770e+02,	5.0000601230e+02,	-2.4049181662e-04
4.7689999999e-01,	1.1588108873e-04,	2.5002078150e+00,	4.9999399020e+02,	5.0000600980e+02,	-2.4039202762e-04
4.7699999999e-01,	1.1585705451e-04,	2.5002078266e+00,	4.9999399269e+02,	5.0000600731e+02,	-2.4029230073e-04
4.7709999999e-01,	1.1583303027e-04,	2.5002078381e+00,	4.9999399518e+02,	5.0000600482e+02,	-2.4019263589e-04
4.7719999999e-01,	1.1580901598e-04,	2.5002078497e+00,	4.9999399767e+02,	5.0000600233e+02,	-2.4009303307e-04
4.7729999999e-01,	1.1578501166e-04,	2.5002078613e+00,	4.9999400016e+02,	5.0000599984e+02,	-2.3999349219e-04
4.7739999999e-01,	1.1576101728e-04,	2.5002078729e+00,	4.9999400265e+02,	5.0000599735e+02,	-2.3989401323e-04
4.7749999999e-01,	1.1573703285e-04,	2.5002078845e+00,	4.9999400514e+02,	5.0000599486e+02,	-2.3979459611e-04
4.7759999999e-01,	1.1571305836e-04,	2.5002078960e+00,	4.9999400762e+02,	5.0000599238e+02,	-2.3969524079e-04
4.7769999999e-01,	1.1568909380e-04,	2.5002079076e+00,	4.9999401010e+02,	5.0000598990e+02,	-2.3959594723e-04
4.7779999999e-01,	1.1566513917e-04,	2.5002079192e+00,	4.9999401258e+02,	5.0000598742e+02,	-2.3949671536e-04
4.7789999999e-01,	1.1564119446e-04,	2.5002079307e+00,	4.9999401506e+02,	5.0000598494e+02,	-2.3939754514e-04
4.7799999999e-01,	1.1561725966e-04,	2.5002079423e+00,	4.9999401754e+02,	5.0000598246e+02,	-2.3929843651e-04
4.7809999999e-01,	1.1559333477e-04,	2.5002079539e+00,	4.9999402002e+02,	5.0000597998e+02,	-2.3919938943e-04
4.7819999999e-01,	1.1556941978e-04,	2.5002079654e+00,	4.9999402249e+02,	5.0000597751e+02,	-2.3910040385e-04
4.7829999999e-01,	1.1554551469e-04,	2.5002079770e+00,	4.9999402496e+02,	5.0000597504e+02,	-2.3900147971e-04
4.7839999999e-01,	1.1552161948e-04,	2.5002079885e+00,	4.9999402743e+02,	5.0000597257e+02,	-2.3890261695e-04
4.7849999999e-01,	1.1549773416e-04,	2.5002080001e+00,	4.9999402990e+02,	5.0000597010e+02,	-2.3880381555e-04
4.7859999999e-01,	1.1547385872e-04,	2.5002080116e+00,	4.9999403237e+02,	5.0000596763e+02,	-2.3870507543e-04
4.7869999999e-01,	1.1544999314e-04,	2.5002080232e+00,	4.9999403484e+02,	5.0000596516e+02,	-2.3860639655e-04
4.7879999999e-01,	1.1542613744e-04,	2.5002080347e+00,	4.9999403731e+02,	5.0000596269e+02,	-2.3850777887e-04
4.7889999999e-01,	1.1540229159e-04,	2.5002080463e+00,	4.9999403977e+02,	5.0000596023e+02,	-2.3840922232e-04
4.7899999999e-01,	1.1537845559e-04,	2.5002080578e+00,	4.9999404223e+02,	5.0000595777e+02,	-2.3831072686e-04
4.7909999999e-01,	1.1535462944e-04,	2.5002080693e+00,	4.9999404469e+02,	5.0000595531e+02,	-2.3821229244e-04
4.7919999999e-01,	1.1533081313e-04,	2.5002080809e+00,	4.9999404715e+02,	5.0000595285e+02,	-2.3811391900e-04
4.7929999999e-01,	1.1530700665e-04,	2.5002080924e+00,	4.9999404961e+02,	5.0000595039e+02,	-2.3801560651e-04
4.7939999999e-01,	1.1528321001e-04,	2.5002081039e+00,	4.9999405207e+02,	5.0000594793e+02,	-2.3791735490e-04
4.7949999999e-01,	1.1525942318e-04,	2.5002081155e+00,	4.9999405452e+02,	5.0000594548e+02,	-2.3781916412e-04
4.7959999999e-01,	1.1523564617e-04,	2.5002081270e+00,	4.9999405697e+02,	5.0000594303e+02,	-2.3772103414e-04
4.7969999999e-01,	1.1521187897e-04,	2.5002081385e+00,	4.9999405943e+02,	5.0000594057e+02,	-2.3762296489e-04
4.7979999999e-01,	1.1518812158e-04,	2.5002081500e+00,	4.9999406188e+02,	5.0000593812e+02,	-2.3752495631e-04
4.7989999999e-01,	1.1516437398e-04,	2.5002081615e+00,	4.9999406432e+02,	5.0000593568e+02,	-2.3742700838e-04
4.7999999999e-01,	1.1514063617e-04,	2.5002081731e+00,	4.9999406677e+02,	5.0000593323e+02,	-2.3732912104e-04
4.8009999999e-01,	1.1511690815e-04,	2.5002081846e+00,	4.9999406922e+02,	5.0000593078e+02,	-2.3723129423e-04
4.8019999999e-01,	1.1509318991e-04,	2.5002081961e+00,	4.9999407166e+02,	5.0000592834e+02,	-2.3713352791e-04
4.8029999999e-01,	1.1506948144e-04,	2.5002082076e+00,	4.9999407410e+02,	5.0000592590e+02,	-2.3703582203e-04
4.8039999999e-01,	1.1504578274e-04,	2.5002082191e+00,	4.9999407655e+02,	5.0000592345e+02,	-2.3693817653e-04
4.8049999999e-01,	1.1502209381e-04,	2.5002082306e+00,	4.9999407899e+02,	5.0000592101e+02,	-2.3684059137e-04
4.8059999999e-01,	1.1499841462e-04,	2.5002082421e+00,	4.9999408142e+02,	5.0000591858e+02,	-2.3674306649e-04
4.8069999999e-01,	1.1497474519e-04,	2.5002082536e+00,	4.9999408386e+02,	5.0000591614e+02,	-2.3664560185e-04
4.8079999999e-01,	1.1495108550e-04,	2.5002082651e+00,	4.9999408630e+02,	5.0000591370e+02,	-2.3654819740e-04
4.8089999999e-01,	1.1492743555e-04,	2.5002082766e+00,	4.9999408873e+02,	5.0000591127e+02,	-2.3645085309e-04
4.8099999999e-01,	1.1490379533e-04,	2.5002082881e+00,	4.9999409116e+02,	5.0000590884e+02,	-2.3635356887e-04
4.8109999999e-01,	1.1488016483e-04,	2.5002082996e+00,	4.9999409359e+02,	5.0000590641e+02,	-2.3625634468e-04
4.8119999999e-01,	1.1485654406e-04,	2.5002083110e+00,	4.9999409602e+02,	5.0000590398e+02,	-2.3615918049e-04
4.8129999999e-01,	1.1483293300e-04,	2.5002083225e+00,	4.9999409845e+02,	5.0000590155e+02,	-2.3606207623e-04
4.8139999999e-01,	1.1480933164e-04,	2.5002083340e+00,	4.9999410087e+02,	5.0000589913e+02,	-2.3596503187e-04
4.8149999999e-01,	1.1478573999e-04,	2.5002083455e+00,	4.9999410330e+02,	5.0000589670e+02,	-2.3586804735e-04
4.8159999999e-01,	1.1476215803e-04,	2.5002083570e+00,	4.9999410572e+02,	5.0000589428e+02,	-2.3577112262e-04
4.8169999999e-01,	1.1473858576e-04,	2.5002083684e+00,	4.9999410814e+02,	5.0000589186e+02,	-2.3567425763e-04
4.8179999999e-01,	1.1471502318e-04,	2.5002083799e+00,	4.9999411056e+02,	5.0000588944e+02,	-2.3557745234e-04
4.8189999999e-01,	1.1469147027e-04,	2.5002083914e+00,	4.9999411298e+02,	5.0000588702e+02,	-2.3548070669e-04
4.8199999999e-01,	1.1466792703e-04,	2.5002084029e+00,	4.9999411540e+02,	5.0000588460e+02,	-2.3538402064e-04
4.8209999999e-01,	1.1464439346e-04,	2.5002084143e+00,	4.9999411782e+02,	5.0000588218e+02,	-2.3528739414e-04
4.8219999999e-01,	1.1462086955e-04,	2.5002084258e+00,	4.9999412023e+02,	5.0000587977e+02,	-2.3519082714e-04
4.8229999999e-01,	1.1459735530e-04,	2.5002084372e+00,	4.9999412264e+02,	5.0000587736e+02,	-2.3509431959e-04
4.8239999999e-01,	1.1457385069e-04,	2.5002084487e+00,	4.9999412505e+02,	5.0000587495e+02,	-2.3499787143e-04
4.8249999999e-01,	1.1455035572e-04,	2.5002084602e+00,	4.9999412746e+02,	5.0000587254e+02,	-2.3490148263e-04
4.8259999999e-01,	1.1452687039e-04,	2.5002084716e+00,	4.9999412987e+02,	5.0000587013e+02,	-2.3480515313e-04
4.8269999999e-01,	1.1450339469e-04,	2.5002084831e+00,	4.9999413228e+02,	5.0000586772e+02,	-2.3470888289e-04
4.8279999999e-01,	1.1447992861e-04,	2.5002084945e+00,	4.9999413468e+02,	5.0000586532e+02,	-2.3461267185e-04
4.8289999999e-01,	1.1445647215e-04,	2.5002085060e+00,	4.9999413709e+02,	5.0000586291e+02,	-2.3451651997e-04
4.8299999999e-01,	1.1443302530e-04,	2.5002085174e+00,	4.9999413949e+02,	5.0000586051e+02,	-2.3442042719e-04
4.8309999999e-01,	1.1440958806e-04,	2.5002085289e+00,	4.9999414189e+02,	5.0000585811e+02,	-2.3432439349e-04
4.8319999999e-01,	1.1438616042e-04,	2.5002085403e+00,	4.9999414429e+02,	5.0000585571e+02,	-2.3422841879e-04
4.8329999999e-01,	1.1436274238e-04,	2.5002085517e+00,	4.9999414669e+02,	5.0000585331e+02,	-2.3413250305e-04
4.8339999999e-01,	1.1433933392e-04,	2.5002085632e+00,	4.9999414908e+02,	5.0000585092e+02,	-2.3403664624e-04
4.8349999999e-01,	1.1431593505e-04,	2.5002085746e+00,	4.9999415148e+02,	5.0000584852e+02,	-2.3394084828e-04
4.8359999999e-01,	1.1429254575e-04,	2.5002085860e+00,	4.9999415387e+02,	5.0000584613e+02,	-2.3384510915e-04
4.8369999999e-01,	1.1426916602e-04,	2.5002085975e+00,	4.9999415626e+02,	5.0000584374e+02,	-2.3374942879e-04
4.8379999999e-01,	1.1424579586e-04,	2.5002086089e+00,	4.9999415865e+02,	5.0000584135e+02,	-2.3365380715e-04
4.8389999999e-01,	1.1422243526e-04,	2.5002086203e+00,	4.9999416104e+02,	5.0000583896e+02,	-2.3355824419e-04
4.8399999999e-01,	1.1419908421e-04,	2.5002086317e+00,	4.9999416343e+02,	5.0000583657e+02,	-2.3346273985e-04
4.8409999999e-01,	1.1417574271e-04,	2.5002086431e+00,	4.9999416582e+02,	5.0000583418e+02,	-2.3336729410e-04
4.8419999999e-01,	1.1415241075e-04,	2.5002086546e+00,	4.9999416820e+02,	5.0000583180e+02,	-2.3327190687e-04
4.8429999999e-01,	1.1412908833e-04,	2.5002086660e+00,	4.9999417059e+02,	5.0000582941e+02,	-2.3317657812e-04
4.8439999999e-01,	1.1410577543e-04,	2.5002086774e+00,	4.9999417297e+02,	5.0000582703e+02,	-2.3308130781e-04
4.8449999999e-01,	1.1408247206e-04,	2.5002086888e+00,	4.9999417535e+02,	5.0000582465e+02,	-2.3298609589e-04
4.8459999999e-01,	1.1405917821e-04,	2.5002087002e+00,	4.9999417773e+02,	5.0000582227e+02,	-2.3289094231e-04
4.8469999999e-01,	1.1403589387e-04,	2.5002087116e+00,	4.9999418010e+02,	5.0000581990e+02,	-2.3279584702e-04
4.8479999999e-01,	1.1401261904e-04,	2.5002087230e+00,	4.9999418248e+02,	5.0000581752e+02,	-2.3270080998e-04
4.8489999999e-01,	1.1398935371e-04,	2.5002087344e+00,	4.9999418485e+02,	5.0000581515e+02,	-2.3260583113e-04
4.8499999999e-01,	1.1396609787e-04,	2.5002087458e+00,	4.9999418723e+02,	5.0000581277e+02,	-2.3251091044e-04
4.8509999999e-01,	1.1394285152e-04,	2.5002087572e+00,	4.9999418960e+02,	5.0000581040e+02,	-2.3241604783e-04
4.8519999999e-01,	1.1391961466e-04,	2.5002087686e+00,	4.9999419197e+02,	5.0000580803e+02,	-2.3232124330e-04
4.8529999999e-01,	1.1389638727e-04,	2.5002087800e+00,	4.9999419434e+02,	5.0000580566e+02,	-2.3222649676e-04
4.8539999999e-01,	1.1387316936e-04,	2.5002087914e+00,	4.9999419670e+02,	5.0000580330e+02,	-2.3213180819e-04
4.8549999999e-01,	1.1384996091e-04,	2.5002088028e+00,	4.9999419907e+02,	5.0000580093e+02,	-2.3203717752e-04
4.8559999999e-01,	1.1382676192e-04,	2.5002088141e+00,	4.9999420143e+02,	5.0000579857e+02,	-2.3194260473e-04
4.8569999999e-01,	1.1380357239e-04,	2.5002088255e+00,	4.9999420380e+02,	5.0000579620e+02,	-2.3184808975e-04
4.8579999999e-01,	1.1378039230e-04,	2.5002088369e+00,	4.9999420616e+02,	5.0000579384e+02,	-2.3175363254e-04
4.8589999999e-01,	1.1375722166e-04,	2.5002088483e+00,	4.9999420852e+02,	5.0000579148e+02,	-2.3165923306e-04
4.8599999999e-01,	1.1373406045e-04,	2.5002088597e+00,	4.9999421088e+02,	5.0000578912e+02,	-2.3156489125e-04
4.8609999999e-01,	1.1371090868e-04,	2.5002088710e+00,	4.9999421323e+02,	5.0000578677e+02,	-2.3147060707e-04
4.8619999999e-01,	1.1368776633e-04,	2.5002088824e+00,	4.9999421559e+02,	5.0000578441e+02,	-2.3137638048e-04
4.8629999999e-01,	1.1366463340e-04,	2.5002088938e+00,	4.9999421794e+02,	5.0000578206e+02,	-2.3128221142e-04
4.8639999999e-01,	1.1364150988e-04,	2.5002089051e+00,	4.9999422030e+02,	5.0000577970e+02,	-2.3118809985e-04
4.8649999999e-01,	1.1361839578e-04,	2.5002089165e+00,	4.9999422265e+02,	5.0000577735e+02,	-2.3109404573e-04
4.8659999999e-01,	1.1359529107e-04,	2.5002089279e+00,	4.9999422500e+02,	5.0000577500e+02,	-2.3100004900e-04
4.8669999999e-01,	1.1357219577e-04,	2.5002089392e+00,	4.9999422735e+02,	5.0000577265e+02,	-2.3090610961e-04
4.8679999999e-01,	1.1354910985e-04,	2.5002089506e+00,	4.9999422969e+02,	5.0000577031e+02,	-2.3081222754e-04
4.8689999999e-01,	1.1352603332e-04,	2.5002089619e+00,	4.9999423204e+02,	5.0000576796e+02,	-2.3071840272e-04
4.8699999999e-01,	1.1350296617e-04,	2.5002089733e+00,	4.9999423438e+02,	5.0000576562e+02,	-2.3062463510e-04
4.8709999999e-01,	1.1347990839e-04,	2.5002089846e+00,	4.9999423673e+02,	5.0000576327e+02,	-2.3053092465e-04
4.8719999999e-01,	1.1345685998e-04,	2.5002089960e+00,	4.9999423907e+02,	5.0000576093e+02,	-2.3043727132e-04
4.8729999999e-01,	1.1343382093e-04,	2.5002090073e+00,	4.9999424141e+02,	5.0000575859e+02,	-2.3034367505e-04
4.8739999999e-01,	1.1341079124e-04,	2.5002090187e+00,	4.9999424375e+02,	5.0000575625e+02,	-2.3025013581e-04
4.8749999999e-01,	1.1338777090e-04,	2.5002090300e+00,	4.9999424608e+02,	5.0000575392e+02,	-2.3015665355e-04
4.8759999999e-01,	1.1336475991e-04,	2.5002090413e+00,	4.9999424842e+02,	5.0000575158e+02,	-2.3006322821e-04
4.8769999999e-01,	1.1334175826e-04,	2.5002090527e+00,	4.9999425075e+02,	5.0000574925e+02,	-2.2996985976e-04
4.8779999999e-01,	1.1331876594e-04,	2.5002090640e+00,	4.9999425309e+02,	5.0000574691e+02,	-2.2987654814e-04
4.8789999999e-01,	1.1329578295e-04,	2.5002090753e+00,	4.9999425542e+02,	5.0000574458e+02,	-2.2978329332e-04
4.8799999999e-01,	1.1327280928e-04,	2.5002090867e+00,	4.9999425775e+02,	5.0000574225e+02,	-2.2969009525e-04
4.8809999999e-01,	1.1324984492e-04,	2.5002090980e+00,	4.9999426008e+02,	5.0000573992e+02,	-2.2959695388e-04
4.8819999999e-01,	1.1322688988e-04,	2.5002091093e+00,	4.9999426240e+02,	5.0000573760e+02,	-2.2950386916e-04
4.8829999999e-01,	1.1320394415e-04,	2.5002091206e+00,	4.9999426473e+02,	5.0000573527e+02,	-2.2941084105e-04
4.8839999999e-01,	1.1318100771e-04,	2.5002091320e+00,	4.9999426705e+02,	5.0000573295e+02,	-2.2931786951e-04
4.8849999999e-01,	1.1315808057e-04,	2.5002091433e+00,	4.9999426938e+02,	5.0000573062e+02,	-2.2922495448e-04
4.8859999999e-01,	1.1313516272e-04,	2.5002091546e+00,	4.9999427170e+02,	5.0000572830e+02,	-2.2913209592e-04
4.8869999999e-01,	1.1311225415e-04,	2.5002091659e+00,	4.9999427402e+02,	5.0000572598e+02,	-2.2903929379e-04
4.8879999999e-01,	1.1308935486e-04,	2.5002091772e+00,	4.9999427634e+02,	5.0000572366e+02,	-2.2894654803e-04
4.8889999999e-01,	1.1306646484e-04,	2.5002091885e+00,	4.9999427865e+02,	5.0000572135e+02,	-2.2885385861e-04
4.8899999999e-01,	1.1304358409e-04,	2.5002091998e+00,	4.9999428097e+02,	5.0000571903e+02,	-2.2876122547e-04
4.8909999999e-01,	1.1302071259e-04,	2.5002092111e+00,	4.9999428328e+02,	5.0000571672e+02,	-2.2866864858e-04
4.8919999999e-01,	1.1299785036e-04,	2.5002092224e+00,	4.9999428560e+02,	5.0000571440e+02,	-2.2857612789e-04
4.8929999999e-01,	1.1297499737e-04,	2.5002092337e+00,	4.9999428791e+02,	5.0000571209e+02,	-2.2848366334e-04
4.8939999999e-01,	1.1295215362e-04,	2.5002092450e+00,	4.9999429022e+02,	5.0000570978e+02,	-2.2839125491e-04
4.8949999999e-01,	1.1292931911e-04,	2.5002092563e+00,	4.9999429253e+02,	5.0000570747e+02,	-2.2829890253e-04
4.8959999999e-01,	1.1290649384e-04,	2.5002092676e+00,	4.9999429483e+02,	5.0000570517e+02,	-2.2820660616e-04
4.8969999999e-01,	1.1288367779e-04,	2.5002092789e+00,	4.9999429714e+02,	5.0000570286e+02,	-2.2811436577e-04
4.8979999999e-01,	1.1286087096e-04,	2.5002092902e+00,	4.9999429945e+02,	5.0000570055e+02,	-2.2802218131e-04
4.8989999999e-01,	1.1283807335e-04,	2.5002093015e+00,	4.9999430175e+02,	5.0000569825e+02,	-2.2793005272e-04
4.8999999999e-01,	1.1281528495e-04,	2.5002093128e+00,	4.9999430405e+02,	5.0000569595e+02,	-2.2783797996e-04
4.9009999999e-01,	1.1279250575e-04,	2.5002093240e+00,	4.9999430635e+02,	5.0000569365e+02,	-2.2774596300e-04
4.9019999999e-01,	1.1276973576e-04,	2.5002093353e+00,	4.9999430865e+02,	5.0000569135e+02,	-2.2765400178e-04
4.9029999999e-01,	1.1274697495e-04,	2.5002093466e+00,	4.9999431095e+02,	5.0000568905e+02,	-2.2756209625e-04
4.9039999999e-01,	1.1272422334e-04,	2.5002093579e+00,	4.9999431324e+02,	5.0000568676e+02,	-2.2747024639e-04
4.9049999999e-01,	1.1270148090e-04,	2.5002093691e+00,	4.9999431554e+02,	5.0000568446e+02,	-2.2737845213e-04
4.9059999999e-01,	1.1267874764e-04,	2.5002093804e+00,	4.9999431783e+02,	5.0000568217e+02,	-2.2728671343e-04
4.9069999999e-01,	1.1265602356e-04,	2.5002093917e+00,	4.9999432012e+02,	5.0000567988e+02,	-2.2719503026e-04
4.9079999999e-01,	1.1263330864e-04,	2.5002094029e+00,	4.9999432241e+02,	5.0000567759e+02,	-2.2710340256e-04
4.9089999999e-01,	1.1261060287e-04,	2.5002094142e+00,	4.9999432470e+02,	5.0000567530e+02,	-2.2701183029e-04
4.9099999999e-01,	1.1258790627e-04,	2.5002094255e+00,	4.9999432699e+02,	5.0000567301e+02,	-2.2692031340e-04
4.9109999999e-01,	1.1256521881e-04,	2.5002094367e+00,	4.9999432928e+02,	5.0000567072e+02,	-2.2682885185e-04
4.9119999999e-01,	1.1254254050e-04,	2.5002094480e+00,	4.9999433156e+02,	5.0000566844e+02,	-2.2673744561e-04
4.9129999999e-01,	1.1251987132e-04,	2.5002094592e+00,	4.9999433385e+02,	5.0000566615e+02,	-2.2664609461e-04
4.9139999999e-01,	1.1249721127e-04,	2.5002094705e+00,	4.9999433613e+02,	5.0000566387e+02,	-2.2655479881e-04
4.9149999999e-01,	1.1247456036e-04,	2.5002094817e+00,	4.9999433841e+02,	5.0000566159e+02,	-2.2646355819e-04
4.9159999999e-01,	1.1245191856e-04,	2.5002094930e+00,	4.9999434069e+02,	5.0000565931e+02,	-2.2637237267e-04
4.9169999999e-01,	1.1242928588e-04,	2.5002095042e+00,	4.9999434297e+02,	5.0000565703e+02,	-2.2628124224e-04
4.9179999999e-01,	1.1240666231e-04,	2.5002095155e+00,	4.9999434525e+02,	5.0000565475e+02,	-2.2619016683e-04
4.9189999999e-01,	1.1238404785e-04,	2.5002095267e+00,	4.9999434752e+02,	5.0000565248e+02,	-2.2609914640e-04
4.9199999999e-01,	1.1236144248e-04,	2.5002095379e+00,	4.9999434980e+02,	5.0000565020e+02,	-2.2600818092e-04
4.9209999999e-01,	1.1233884621e-04,	2.5002095492e+00,	4.9999435207e+02,	5.0000564793e+02,	-2.2591727033e-04
4.9219999999e-01,	1.1231625902e-04,	2.5002095604e+00,	4.9999435434e+02,	5.0000564566e+02,	-2.2582641460e-04
4.9229999999e-01,	1.1229368092e-04,	2.5002095716e+00,	4.9999435661e+02,	5.0000564339e+02,	-2.2573561367e-04
4.9239999999e-01,	1.1227111190e-04,	2.5002095829e+00,	4.9999435888e+02,	5.0000564112e+02,	-2.2564486750e-04
4.9249999999e-01,	1.1224855195e-04,	2.5002095941e+00,	4.9999436115e+02,	5.0000563885e+02,	-2.2555417606e-04
4.9259999999e-01,	1.1222600106e-04,	2.5002096053e+00,	4.9999436341e+02,	5.0000563659e+02,	-2.2546353929e-04
4.9269999999e-01,	1.1220345924e-04,	2.5002096165e+00,	4.9999436568e+02,	5.0000563432e+02,	-2.2537295716e-04
4.9279999999e-01,	1.1218092647e-04,	2.5002096277e+00,	4.9999436794e+02,	5.0000563206e+02,	-2.2528242960e-04
4.9289999999e-01,	1.1215840275e-04,	2.5002096390e+00,	4.9999437020e+02,	5.0000562980e+02,	-2.2519195660e-04
4.9299999999e-01,	1.1213588808e-04,	2.5002096502e+00,	4.9999437246e+02,	5.0000562754e+02,	-2.2510153810e-04
4.9309999999e-01,	1.1211338244e-04,	2.5002096614e+00,	4.9999437472e+02,	5.0000562528e+02,	-2.2501117405e-04
4.9319999999e-01,	1.1209088584e-04,	2.5002096726e+00,	4.9999437698e+02,	5.0000562302e+02,	-2.2492086442e-04
4.9329999999e-01,	1.1206839827e-04,	2.5002096838e+00,	4.9999437923e+02,	5.0000562077e+02,	-2.2483060915e-04
4.9339999999e-01,	1.1204591972e-04,	2.5002096950e+00,	4.9999438149e+02,	5.0000561851e+02,	-2.2474040821e-04
4.9349999999e-01,	1.1202345018e-04,	2.5002097062e+00,	4.9999438374e+02,	5.0000561626e+02,	-2.2465026156e-04
4.9359999999e-01,	1.1200098966e-04,	2.5002097174e+00,	4.9999438600e+02,	5.0000561400e+02,	-2.2456016913e-04
4.9369999999e-01,	1.1197853815e-04,	2.5002097286e+00,	4.9999438825e+02,	5.0000561175e+02,	-2.2447013091e-04
4.9379999999e-01,	1.1195609563e-04,	2.5002097398e+00,	4.9999439050e+02,	5.0000560950e+02,	-2.2438014684e-04
4.9389999999e-01,	1.1193366212e-04,	2.5002097510e+00,	4.9999439274e+02,	5.0000560726e+02,	-2.2429021687e-04
4.9399999999e-01,	1.1191123759e-04,	2.5002097622e+00,	4.9999439499e+02,	5.0000560501e+02,	-2.2420034097e-04
4.9409999999e-01,	1.1188882205e-04,	2.5002097734e+00,	4.9999439724e+02,	5.0000560276e+02,	-2.2411051909e-04
4.9419999999e-01,	1.1186641548e-04,	2.5002097846e+00,	4.9999439948e+02,	5.0000560052e+02,	-2.2402075119e-04
4.9429999999e-01,	1.1184401789e-04,	2.5002097958e+00,	4.9999440172e+02,	5.0000559828e+02,	-2.2393103722e-04
4.9439999999e-01,	1.1182162927e-04,	2.5002098069e+00,	4.9999440397e+02,	5.0000559603e+02,	-2.2384137714e-04
4.9449999999e-01,	1.1179924962e-04,	2.5002098181e+00,	4.9999440621e+02,	5.0000559379e+02,	-2.2375177092e-04
4.9459999999e-01,	1.1177687892e-04,	2.5002098293e+00,	4.9999440844e+02,	5.0000559156e+02,	-2.2366221850e-04
4.9469999999e-01,	1.1175451717e-04,	2.5002098405e+00,	4.9999441068e+02,	5.0000558932e+02,	-2.2357271984e-04
4.9479999999e-01,	1.1173216437e-04,	2.5002098517e+00,	4.9999441292e+02,	5.0000558708e+02,	-2.2348327489e-04
4.9489999999e-01,	1.1170982051e-04,	2.5002098628e+00,	4.9999441515e+02,	5.0000558485e+02,	-2.2339388363e-04
4.9499999999e-01,	1.1168748559e-04,	2.5002098740e+00,	4.9999441739e+02,	5.0000558261e+02,	-2.2330454600e-04
4.9509999999e-01,	1.1166515960e-04,	2.5002098852e+00,	4.9999441962e+02,	5.0000558038e+02,	-2.2321526195e-04
4.9519999999e-01,	1.1164284254e-04,	2.5002098963e+00,	4.9999442185e+02,	5.0000557815e+02,	-2.2312603146e-04
4.9529999999e-01,	1.1162053440e-04,	2.5002099075e+00,	4.9999442408e+02,	5.0000557592e+02,	-2.2303685447e-04
4.9539999999e-01,	1.1159823517e-04,	2.5002099187e+00,	4.9999442631e+02,	5.0000557369e+02,	-2.2294773094e-04
4.9549999999e-01,	1.1157594485e-04,	2.5002099298e+00,	4.9999442853e+02,	5.0000557147e+02,	-2.2285866083e-04
4.9559999999e-01,	1.1155366343e-04,	2.5002099410e+00,	4.9999443076e+02,	5.0000556924e+02,	-2.2276964410e-04
4.9569999999e-01,	1.1153139092e-04,	2.5002099521e+00,	4.9999443298e+02,	5.0000556702e+02,	-2.2268068070e-04
4.9579999999e-01,	1.1150912729e-04,	2.5002099633e+00,	4.9999443521e+02,	5.0000556479e+02,	-2.2259177059e-04
4.9589999999e-01,	1.1148687256e-04,	2.5002099744e+00,	4.9999443743e+02,	5.0000556257e+02,	-2.2250291373e-04
4.9599999999e-01,	1.1146462671e-04,	2.5002099856e+00,	4.9999443965e+02,	5.0000556035e+02,	-2.2241411008e-04
4.9609999999e-01,	1.1144238974e-04,	2.5002099967e+00,	4.9999444187e+02,	5.0000555813e+02,	-2.2232535959e-04
4.9619999999e-01,	1.1142016164e-04,	2.5002100079e+00,	4.9999444408e+02,	5.0000555592e+02,	-2.2223666222e-04
4.9629999999e-01,	1.1139794240e-04,	2.5002100190e+00,	4.9999444630e+02,	5.0000555370e+02,	-2.2214801792e-04
4.9639999999e-01,	1.1137573203e-04,	2.5002100301e+00,	4.9999444851e+02,	5.0000555149e+02,	-2.2205942666e-04
4.9649999999e-01,	1.1135353052e-04,	2.5002100413e+00,	4.9999445073e+02,	5.0000554927e+02,	-2.2197088841e-04
4.9659999999e-01,	1.1133133785e-04,	2.5002100524e+00,	4.9999445294e+02,	5.0000554706e+02,	-2.2188240310e-04
4.9669999999e-01,	1.1130915403e-04,	2.5002100635e+00,	4.9999445515e+02,	5.0000554485e+02,	-2.2179397071e-04
4.9679999999e-01,	1.1128697906e-04,	2.5002100747e+00,	4.9999445736e+02,	5.0000554264e+02,	-2.2170559118e-04
4.9689999999e-01,	1.1126481291e-04,	2.5002100858e+00,	4.9999445957e+02,	5.0000554043e+02,	-2.2161726447e-04
4.9699999999e-01,	1.1124265560e-04,	2.5002100969e+00,	4.9999446178e+02,	5.0000553822e+02,	-2.2152899055e-04
4.9709999999e-01,	1.1122050711e-04,	2.5002101081e+00,	4.9999446398e+02,	5.0000553602e+02,	-2.2144076937e-04
4.9719999999e-01,	1.1119836745e-04,	2.5002101192e+00,	4.9999446618e+02,	5.0000553381e+02,	-2.2135260088e-04
4.9729999999e-01,	1.1117623659e-04,	2.5002101303e+00,	4.9999446839e+02,	5.0000553161e+02,	-2.2126448506e-04
4.9739999999e-01,	1.1115411455e-04,	2.5002101414e+00,	4.9999447059e+02,	5.0000552941e+02,	-2.2117642185e-04
4.9749999999e-01,	1.1113200131e-04,	2.5002101525e+00,	4.9999447279e+02,	5.0000552721e+02,	-2.2108841121e-04
4.9759999999e-01,	1.1110989686e-04,	2.5002101636e+00,	4.9999447499e+02,	5.0000552501e+02,	-2.2100045310e-04
4.9769999999e-01,	1.1108780121e-04,	2.5002101747e+00,	4.9999447719e+02,	5.0000552281e+02,	-2.2091254749e-04
4.9779999999e-01,	1.1106571435e-04,	2.5002101859e+00,	4.9999447938e+02,	5.0000552062e+02,	-2.2082469432e-04
4.9789999999e-01,	1.1104363627e-04,	2.5002101970e+00,	4.9999448158e+02,	5.0000551842e+02,	-2.2073689356e-04
4.9799999999e-01,	1.1102156697e-04,	2.5002102081e+00,	4.9999448377e+02,	5.0000551623e+02,	-2.2064914516e-04
4.9809999999e-01,	1.1099950644e-04,	2.5002102192e+00,	4.9999448596e+02,	5.0000551404e+02,	-2.2056144909e-04
4.9819999999e-01,	1.1097745468e-04,	2.5002102303e+00,	4.9999448815e+02,	5.0000551185e+02,	-2.2047380529e-04
4.9829999999e-01,	1.1095541168e-04,	2.5002102414e+00,	4.9999449034e+02,	5.0000550966e+02,	-2.2038621374e-04
4.9839999999e-01,	1.1093337743e-04,	2.5002102525e+00,	4.9999449253e+02,	5.0000550747e+02,	-2.2029867438e-04
4.9849999999e-01,	1.1091135194e-04,	2.5002102635e+00,	4.9999449472e+02,	5.0000550528e+02,	-2.2021118718e-04
4.9859999999e-01,	1.1088933520e-04,	2.5002102746e+00,	4.9999449691e+02,	5.0000550309e+02,	-2.2012375210e-04
4.9869999999e-01,	1.1086732719e-04,	2.5002102857e+00,	4.9999449909e+02,	5.0000550091e+02,	-2.2003636909e-04
4.9879999999e-01,	1.1084532792e-04,	2.5002102968e+00,	4.9999450127e+02,	5.0000549873e+02,	-2.1994903811e-04
4.9889999999e-01,	1.1082333738e-04,	2.5002103079e+00,	4.9999450346e+02,	5.0000549654e+02,	-2.1986175912e-04
4.9899999999e-01,	1.1080135557e-04,	2.5002103190e+00,	4.9999450564e+02,	5.0000549436e+02,	-2.1977453208e-04
4.9909999999e-01,	1.1077938247e-04,	2.5002103301e+00,	4.9999450782e+02,	5.0000549218e+02,	-2.1968735695e-04
4.9919999999e-01,	1.1075741809e-04,	2.5002103411e+00,	4.9999450999e+02,	5.0000549001e+02,	-2.1960023370e-04
4.9929999999e-01,	1.1073546242e-04,	2.5002103522e+00,	4.9999451217e+02,	5.0000548783e+02,	-2.1951316226e-04
4.9939999999e-01,	1.1071351546e-04,	2.5002103633e+00,	4.9999451435e+02,	5.0000548565e+02,	-2.1942614261e-04
4.9949999999e-01,	1.1069157719e-04,	2.5002103743e+00,	4.9999451652e+02,	5.0000548348e+02,	-2.1933917471e-04
4.9959999999e-01,	1.1066964762e-04,	2.5002103854e+00,	4.9999451869e+02,	5.0000548131e+02,	-2.1925225851e-04
4.9969999999e-01,	1.1064772674e-04,	2.5002103965e+00,	4.9999452087e+02,	5.0000547913e+02,	-2.1916539396e-04
4.9979999999e-01,	1.1062581454e-04,	2.5002104075e+00,	4.9999452304e+02,	5.0000547696e+02,	-2.1907858105e-04
4.9989999999e-01,	1.1060391102e-04,	2.5002104186e+00,	4.9999452520e+02,	5.0000547480e+02,	-2.1899181971e-04
4.9999999999e-01,	1.1058201618e-04,	2.5002104297e+00,	4.9999452737e+02,	5.0000547263e+02,	-2.1890510991e-04
